10.0005,26
10.1613,22
10.1613,21
10.1669,5
10.1669,4
10.167,0
10.1724,10
10.1782,9
10.5408,5
10.541,2
10.5413,0
10.892,4
10.8921,3
10.8978,0
10.9033,5
10.9035,4
10.9035,2
10.909,0
10.9091,11
10.9093,4
10.9147,0
10.9206,10
10.9207,4
10.9209,0
10.9317,11
10.9321,5
10.9376,0
10.9431,8
10.9433,6
10.9435,5
10.949,0
10.9492,1
10.9492,0
10.9494,2
10.9495,0
10.9496,14
10.9497,9
10.9498,0
10.9499,10
10.9501,0
10.9502,15
10.9504,0
10.9506,11
10.9506,10
10.9507,0
10.9509,2
10.951,0
10.9511,8
10.9512,4
10.9512,0
10.9514,15
10.9516,0
10.9517,15
10.9519,0
10.9521,3
10.9521,2
10.9521,0
10.9523,7
10.9524,0
10.9526,2
10.9526,0
10.9528,2
10.9529,0
10.953,12
10.9532,0
10.9533,12
10.9534,6
10.9535,0
10.9537,5
10.9537,0
10.9539,5
10.954,0
10.9542,10
10.9543,0
10.9547,12
10.9547,8
10.9548,0
10.955,5
10.9551,0
10.9552,7
10.9553,3
10.9553,0
10.9555,7
10.9556,0
10.9611,6
10.9611,5
10.9611,0
10.9613,14
10.9615,0
10.9669,3
10.9669,0
10.9723,10
10.9725,0
10.9779,9
10.9781,0
10.9782,3
10.9783,0
10.9785,8
10.9786,0
10.9787,15
10.9789,7
10.9789,0
10.9791,8
10.9792,0
10.9794,14
10.9794,13
10.9795,0
10.9797,10
10.9798,4
10.9798,0
10.98,10
10.9801,0
10.9803,12
10.9804,10
10.9804,0
10.9806,10
10.9807,1
10.9807,0
10.9809,3
10.981,0
10.9811,7
10.9812,0
10.9814,12
10.9815,9
10.9816,0
10.9817,5
10.9818,0
10.982,1
10.982,0
10.9822,11
10.9823,0
10.9825,6
10.9826,0
10.9828,3
10.9828,0
10.983,9
10.9831,0
10.9833,15
10.9833,12
10.9835,0
10.9836,7
10.9837,1
10.984,0
10.9841,4
10.9842,0
10.9896,8
10.9897,6
10.9898,0
10.9952,6
10.9953,0
11.0007,15
11.0007,13
11.0008,0
11.0063,2
11.0063,0
11.0117,13
11.0119,0
11.0173,13
11.0177,0
11.0232,10
11.0233,9
11.0234,7
11.0288,6
11.0288,0
11.029,14
11.029,13
11.0952,7
11.3732,6
11.4129,5
11.4129,4
11.4184,1
11.4256,0
11.4364,15
11.4365,11
11.4648,10
11.4703,9
11.4816,7
11.7655,5
11.7657,4
11.7714,3
11.7826,2
11.7938,0
11.7992,10
11.845,9
11.8564,4
11.8564,3
11.8843,1
11.9348,0
11.9402,5
11.9406,0
11.946,9
11.9461,0
11.9515,3
11.9516,0
11.957,6
11.9571,0
11.9625,14
11.9626,11
11.9627,0
11.9681,2
11.9681,0
11.9735,5
11.9736,4
11.9736,0
11.9845,9
11.9846,0
11.99,11
11.9902,0
11.9956,12
11.9957,8
11.9957,0
12.0011,5
12.0012,0
12.0067,10
12.007,3
12.0124,0
12.0126,12
12.0127,8
12.0237,0
12.0291,2
12.0291,1
12.0293,0
12.0347,15
12.0348,13
12.0406,7
12.0409,0
12.0463,3
12.0463,2
12.0463,0
12.0572,11
12.0573,0
12.0627,10
12.0628,7
12.063,0
12.0684,2
12.0685,0
12.0739,2
12.074,1
12.074,0
12.0794,14
12.0796,5
12.0798,3
12.0798,1
12.0852,0
12.0854,5
12.0855,0
12.0909,11
12.0967,6
12.1021,5
12.1021,4
12.1076,2
12.1076,0
12.1131,7
12.1134,6
12.1134,4
12.1137,1
12.1137,0
12.1138,4
12.1139,0
12.1193,6
12.1194,2
12.1248,0
12.1302,14
12.1303,8
12.1306,0
12.136,8
12.1361,0
12.1473,9
12.1474,0
12.1529,8
12.153,7
12.1585,6
12.1585,5
12.1585,1
12.1587,0
12.1588,14
12.159,0
12.1645,12
12.1646,0
12.1648,2
12.1648,0
12.1652,13
12.1653,0
12.1707,2
12.1708,0
12.1762,7
12.1763,0
12.1817,7
12.1818,2
12.1818,0
12.1872,4
12.1873,0
12.1928,14
12.1928,13
12.193,0
12.1986,13
12.1986,8
12.1987,0
12.2042,2
12.2042,0
12.2044,9
12.2044,8
12.2045,0
12.2099,11
12.21,1
12.2101,0
12.2155,13
12.2156,4
12.2157,0
12.2158,3
12.2159,0
12.2161,13
12.2162,3
12.2162,0
12.2164,3
12.2165,0
12.2166,11
12.217,0
12.2171,13
12.2173,0
12.2174,5
12.2175,1
12.2175,0
12.2177,6
12.2178,0
12.218,3
12.218,0
12.2182,4
12.2183,0
12.2184,1
12.2185,0
12.2186,11
12.2188,0
12.219,12
12.219,10
12.2191,0
12.2193,14
12.2197,0
12.2199,5
12.2199,3
12.22,0
12.2201,1
12.2202,0
12.2204,4
12.2204,0
12.2206,4
12.2207,0
12.2208,12
12.221,0
12.2212,13
12.2213,6
12.2213,0
12.2215,13
12.2216,0
12.2325,13
12.2326,0
12.238,2
12.2381,0
12.2435,4
12.2439,0
12.2493,3
12.2493,0
12.2548,2
12.2548,0
12.2602,14
12.2603,8
12.2607,0
12.2661,3
12.2661,2
12.2716,0
12.277,12
12.2771,2
12.2772,0
12.2826,8
12.2827,0
12.2829,10
12.283,0
12.2836,1
12.2836,0
12.2838,2
12.2838,0
12.2842,10
12.2842,8
12.2843,3
12.2845,0
12.2847,5
12.2847,0
12.2849,5
12.285,3
12.2852,0
12.2853,8
12.2854,3
12.2856,0
12.2858,14
12.2859,11
12.2861,3
12.2861,0
12.2863,11
12.2864,9
12.2866,0
12.2868,3
12.2868,1
12.287,0
12.2872,15
12.2874,0
12.2875,15
12.2876,12
12.2877,0
12.2879,7
12.288,0
12.2882,11
12.2884,1
12.2884,0
12.294,7
12.2941,0
12.2995,2
12.305,0
12.3052,12
12.3055,0
12.3056,11
12.3059,4
12.3061,1
12.3061,0
12.3063,15
12.3064,7
12.3066,2
12.3068,0
12.307,3
12.307,0
12.3074,10
12.3075,0
12.3079,12
12.3081,7
12.3083,0
12.3085,13
12.3086,10
12.3088,0
12.309,9
12.3091,5
12.3093,2
12.3093,0
12.3096,15
12.3098,7
12.31,0
12.3102,13
12.3102,10
12.3102,9
12.3105,0
12.3109,1
12.3111,0
12.3112,3
12.3113,0
12.3167,13
12.3226,12
12.3227,0
12.3228,14
12.3229,13
12.3231,11
12.3285,10
12.3286,6
12.3286,5
12.3288,0
12.3343,11
12.3343,9
12.3344,0
12.3346,11
12.3347,1
12.3347,0
12.3349,11
12.335,0
12.3352,1
12.3352,0
12.3354,8
12.3355,7
12.3355,0
12.3357,14
12.3358,2
12.3359,0
12.336,9
12.3361,0
12.3363,2
12.3364,0
12.3365,11
12.3366,10
12.3367,0
12.3368,11
12.337,3
12.337,0
12.3371,13
12.3373,0
12.3375,13
12.3375,12
12.3376,0
12.3378,15
12.3379,9
12.338,0
12.3381,9
12.3383,0
12.3384,3
12.3385,0
12.3387,4
12.3387,0
12.3389,4
12.339,0
12.3391,3
12.3392,1
12.3392,0
12.3394,10
12.3395,0
12.3397,1
12.3397,0
12.3399,2
12.3399,0
12.3453,7
12.3454,5
12.3456,2
12.3514,0
12.3622,4
12.3623,1
12.3628,0
12.3629,4
12.363,0
12.3684,5
12.3685,2
12.3739,0
12.3793,6
12.3794,5
12.3794,0
12.3848,4
12.3849,0
12.3904,3
12.3905,0
12.3906,2
12.3907,0
12.3961,13
12.3962,2
12.3962,0
12.4017,11
12.4018,2
12.4018,0
12.402,8
12.4021,0
12.4075,1
12.4075,0
12.413,6
12.413,3
12.4131,0
12.4239,10
12.424,0
12.4295,2
12.4296,0
12.4297,7
12.4298,0
12.43,3
12.4301,0
12.4302,14
12.4304,0
12.4306,1
12.4306,0
12.4308,12
12.4309,0
12.4311,6
12.4312,5
12.4312,0
12.4314,6
12.4315,0
12.4316,8
12.4317,2
12.4317,0
12.4319,14
12.4321,0
12.4322,3
12.4323,0
12.4325,2
12.4325,0
12.4327,15
12.4328,4
12.4329,0
12.433,10
12.4332,0
12.4333,1
12.4334,0
12.4335,5
12.4336,0
12.4338,4
12.4339,0
12.434,7
12.4341,0
12.4343,14
12.4345,0
12.4346,1
12.4347,0
12.4349,12
12.435,0
12.4352,8
12.4353,0
12.4407,12
12.4409,1
12.4409,0
12.4411,6
12.4411,0
12.4413,9
12.4414,0
12.4416,11
12.4417,0
12.4419,14
12.442,8
12.4421,0
12.4422,9
12.4424,0
12.4425,5
12.4426,0
12.4428,14
12.4429,1
12.4429,0
12.4431,3
12.4432,0
12.4433,13
12.4435,1
12.4435,0
12.4437,13
12.4438,0
12.444,10
12.4441,7
12.4441,0
12.4443,5
12.4444,0
12.4445,2
12.4446,0
12.4448,7
12.4449,0
12.445,14
12.4452,3
12.4452,0
12.4454,3
12.4454,0
12.4456,13
12.4457,2
12.4458,0
12.4459,2
12.446,0
12.4461,12
12.4463,0
12.4465,15
12.4466,0
12.4468,10
12.4469,9
12.4469,0
12.4471,8
12.4472,0
12.4474,8
12.4475,0
12.4477,11
12.4478,1
12.4478,0
12.448,2
12.448,0
12.4482,1
12.4485,0
12.4487,11
12.4488,0
12.449,13
12.4491,5
12.4492,0
12.4493,8
12.4494,0
12.4496,9
12.4497,6
12.4497,0
12.4499,5
12.45,0
12.4501,6
12.4502,1
12.4502,0
12.4506,11
12.4507,0
12.4509,4
12.451,1
12.451,0
12.4511,10
12.4513,0
12.4514,3
12.4515,0
12.4517,6
12.4517,4
12.4518,0
12.4572,8
12.4573,1
12.4573,0
12.4575,7
12.4576,0
12.463,4
12.4631,0
12.4685,15
12.4685,12
12.4687,0
12.4741,4
12.4741,0
12.4795,10
12.4797,0
12.4851,12
12.4852,7
12.4852,0
12.4906,7
12.4908,0
12.4962,13
12.4963,0
12.5017,15
12.5018,11
12.5019,0
12.5073,4
12.5074,0
12.5128,11
12.5129,0
12.5184,6
12.5184,0
12.5239,8
12.524,0
12.5294,3
12.5295,0
12.5349,12
12.535,0
12.5404,3
12.5405,0
12.5459,15
12.5461,0
12.5515,4
12.5518,0
12.5573,10
12.5573,7
12.5574,0
12.5628,12
12.5629,1
12.5629,0
12.5684,2
12.569,0
12.5799,7
12.5799,6
12.58,0
12.5801,4
12.5802,0
12.5856,11
12.5857,10
12.5912,6
12.5912,5
12.5912,0
12.5966,3
12.5967,0
12.6021,5
12.6022,0
12.613,9
12.6132,0
12.6186,8
12.6186,7
12.6187,0
12.6242,5
12.625,0
12.6252,3
12.6253,0
12.6254,8
12.6255,0
12.6309,15
12.6311,0
12.6366,2
12.6367,0
12.6368,6
12.6369,0
12.6371,13
12.6371,11
12.6372,0
12.6374,7
12.6375,0
12.6377,11
12.6378,0
12.638,1
12.638,0
12.6382,6
12.6383,4
12.6383,0
12.6385,7
12.6386,0
12.6387,11
12.6388,5
12.6389,0
12.639,12
12.6392,0
12.6393,4
12.6394,0
12.6396,11
12.6397,0
12.6399,4
12.6399,3
12.64,0
12.6401,2
12.6402,0
12.6404,13
12.6405,2
12.6405,0
12.6407,9
12.6408,0
12.641,12
12.6411,7
12.6411,0
12.6413,13
12.6414,1
12.6414,0
12.6416,9
12.6417,0
12.6419,14
12.642,8
12.6421,0
12.6422,13
12.6424,2
12.6424,0
12.6426,3
12.6426,0
12.6428,10
12.6429,0
12.6431,10
12.6432,0
12.6434,9
12.6435,1
12.6435,0
12.6437,13
12.6438,0
12.644,10
12.644,8
12.6441,0
12.6443,12
12.6444,1
12.6444,0
12.6448,9
12.6449,0
12.6451,4
12.6452,0
12.6453,3
12.6454,0
12.6456,7
12.6457,0
12.6458,8
12.6459,4
12.646,0
12.6461,7
12.6462,0
12.6464,9
12.6465,4
12.6465,0
12.6467,1
12.6467,0
12.6469,13
12.647,1
12.6471,0
12.6472,8
12.6473,0
12.6475,15
12.6476,8
12.6477,0
12.6478,10
12.6479,0
12.6592,9
12.6594,0
12.6648,6
12.6649,0
12.6703,15
12.6704,8
12.6707,2
12.6762,0
12.6816,9
12.6817,0
12.6871,6
12.6872,0
12.6926,2
12.6988,0
12.7042,3
12.7043,0
12.7097,7
12.7103,6
12.7882,0
12.8498,12
12.8498,10
13.3545,7
13.3546,0
13.36,5
13.36,3
13.3655,0
13.3709,15
13.3712,14
13.3767,12
13.3821,11
13.3876,5
13.3931,1
13.3986,0
13.404,5
13.4041,0
13.4095,3
13.4096,0
13.415,4
13.415,0
13.4204,8
13.4205,6
13.426,5
13.426,0
13.4369,6
13.4369,3
13.437,0
13.4482,12
13.4483,0
13.4486,14
13.4487,11
13.4488,0
13.4542,11
13.4543,5
13.4544,0
13.4545,10
13.4546,6
13.4548,0
13.4602,6
13.4603,1
13.4603,0
13.4657,6
13.4658,0
13.4659,13
13.4661,4
13.4662,3
13.4717,0
13.4771,3
13.4775,0
13.4829,15
13.483,11
13.4885,5
13.4885,0
13.4939,8
13.494,0
13.4942,11
13.4943,5
13.4945,0
13.4999,6
13.5,0
13.5054,11
13.5055,8
13.5109,5
13.511,0
13.5164,13
13.5165,11
13.5219,7
13.5274,6
13.5274,5
13.5274,0
13.5383,9
13.5384,1
13.5441,0
13.5496,12
13.5496,8
13.5497,2
13.5552,0
13.5606,1
13.5606,0
13.566,15
13.5661,13
13.5661,6
13.5716,5
13.5716,0
13.5771,2
13.5774,0
13.5883,13
13.5883,10
13.5883,8
13.5938,5
13.5939,0
13.5994,6
13.5995,0
13.6049,11
13.6051,1
13.6105,0
13.6214,10
13.6215,1
13.6217,0
13.6272,4
13.6273,0
13.6274,2
13.6275,0
13.6329,2
13.6329,0
13.6331,2
13.6331,0
13.6385,1
13.6386,0
13.644,10
13.6443,8
13.6446,2
13.6446,0
13.65,6
13.6501,0
13.6502,11
13.6503,6
13.6506,0
13.656,3
13.656,0
13.6669,2
13.667,0
13.6724,14
13.6724,11
13.684,2
13.6897,0
13.6951,6
13.6952,3
13.7008,1
13.701,0
13.7064,3
13.8218,0
13.8272,8
13.8273,5
13.8275,1
13.8388,0
13.8442,2
14.6609,1
14.8491,0
14.8559,15
14.856,12
14.8561,0
14.8615,3
14.8615,0
14.867,6
14.867,0
14.8725,3
14.8725,0
14.8779,6
14.878,2
14.878,0
14.8834,11
14.8836,0
14.889,2
14.889,1
14.889,0
14.8945,10
14.8946,0
14.9,15
14.9001,12
14.9002,0
14.9056,5
14.9056,4
14.906,0
14.9114,12
14.9115,6
14.9115,0
14.9169,3
14.917,0
14.9224,2
14.9225,0
14.9279,8
14.928,0
14.9334,2
14.9335,0
14.9389,2
16.9411,0
16.9479,10
16.948,2
16.9481,0
16.9535,13
16.9536,4
16.9536,1
16.9539,0
16.9593,1
16.9594,0
16.9703,11
16.9704,0
16.9813,14
16.9813,12
16.9814,0
16.9868,1
16.9869,0
16.9923,3
16.9923,2
16.9924,0
16.9978,11
16.9979,0
17.0033,3
17.0034,2
17.0034,0
17.0088,7
17.0089,0
17.0143,15
17.0144,10
17.0145,0
17.0199,4
17.02,0
17.0254,8
17.0255,0
17.0364,5
17.0364,0
17.0419,2
17.0419,0
17.0473,14
17.0475,1
17.0475,0
17.0529,10
17.053,0
17.0584,2
17.0588,0
17.0642,3
17.0643,0
17.0751,13
17.0753,0
17.0807,5
17.0808,2
17.0808,0
17.0862,1
17.0862,0
17.0916,14
17.0918,4
17.0918,0
17.0972,7
17.0973,0
17.1027,7
17.1028,4
17.1028,0
17.1083,7
17.1084,0
17.1138,11
17.1138,8
17.1139,0
17.1193,4
17.1194,0
17.1248,6
17.1249,4
17.1249,0
17.1303,5
17.1304,0
17.1358,12
17.1359,7
17.136,0
17.1414,6
17.1415,0
17.1469,1
17.1469,0
17.1523,9
17.1525,0
17.1579,13
17.1579,8
17.158,0
17.1634,7
17.1638,0
17.1692,13
17.1693,3
17.1694,0
17.1748,5
17.1749,0
17.1803,13
17.1804,7
17.1804,0
17.1859,10
17.186,0
17.1914,11
17.1915,0
17.1969,1
17.197,0
17.2024,14
17.2026,0
17.208,1
17.208,0
17.2134,8
17.2136,0
17.219,7
17.2191,0
17.2245,11
17.2246,0
17.2363,11
17.2364,6
17.2418,5
17.2419,0
17.2473,10
17.2474,2
17.2528,0
17.2583,12
17.2583,9
17.2641,2
17.2641,0
17.2695,7
17.2696,2
17.2751,0
17.2805,6
17.2806,5
17.2806,0
17.286,13
17.2861,7
17.2863,1
17.2918,0
17.2972,15
17.2974,1
17.3028,0
17.3082,11
17.3083,9
17.3138,5
17.3193,2
17.3193,0
17.3247,10
17.3248,3
17.3305,0
17.3359,15
17.336,10
17.3415,7
17.3415,5
17.3416,0
17.347,3
17.347,1
17.3525,0
17.3579,14
17.3579,13
17.358,10
17.3637,7
17.3692,5
17.3692,0
17.3855,8
17.3856,6
17.3857,0
17.3912,14
17.3913,12
17.3968,5
17.3968,4
17.4023,1
17.4077,0
17.4132,11
17.4133,3
17.4187,0
17.4241,7
17.4242,6
17.4296,5
17.4297,0
17.4351,10
17.4355,3
17.4409,2
17.441,0
17.4464,2
17.4464,0
17.4466,4
17.4466,0
17.4521,12
17.4521,6
17.4522,1
17.4524,0
17.4578,8
17.4579,4
17.4633,0
17.4688,10
17.4691,6
17.4746,5
17.4746,3
17.4746,0
17.4803,12
17.4804,5
17.4859,0
17.4968,15
17.4969,9
17.5024,5
17.5024,0
17.5078,15
17.5079,11
17.5134,5
17.5134,4
17.5189,1
17.5189,0
17.5243,14
17.5245,0
17.5246,13
17.5247,12
17.5247,5
17.525,0
17.5251,4
17.5252,0
17.536,15
17.5364,4
17.5365,0
17.5473,6
17.5474,0
17.5528,3
17.5529,1
17.5529,0
17.5583,7
17.5584,0
17.5638,9
17.5639,3
17.564,0
17.5694,15
17.5697,11
17.5698,0
17.5752,14
17.5753,8
17.5754,0
17.5808,5
17.5809,0
17.5863,2
17.5863,1
17.5864,0
17.5918,1
17.5918,0
17.5972,13
17.5974,1
17.5974,0
17.6028,5
17.6029,2
17.6031,0
17.6085,10
17.6086,1
17.6086,0
17.614,5
17.6141,0
17.6195,15
17.6196,7
17.6197,0
17.6251,12
17.6252,1
17.6252,0
17.6307,8
17.6308,0
17.6362,10
17.6363,6
17.6363,0
17.6417,12
17.6419,0
17.6473,9
17.6474,0
17.6528,3
17.6529,0
17.6583,13
17.6584,0
17.6639,11
17.6639,8
17.664,0
17.6694,3
17.6695,0
17.6749,7
17.6753,0
17.6807,15
17.6807,12
17.6809,0
17.6863,8
17.6863,3
17.6864,0
17.6918,13
17.6919,0
17.6974,8
17.6975,0
17.7029,11
17.703,4
17.703,0
17.7084,2
17.7085,0
17.7193,3
17.7194,0
17.7248,1
17.7249,0
17.7303,10
17.7304,0
17.7358,11
17.7359,9
17.736,0
17.7414,13
17.742,5
17.7421,2
17.7475,0
17.7529,4
17.753,0
17.7639,13
17.764,0
17.7695,13
17.7695,10
17.7696,0
17.775,6
17.7753,5
17.7808,0
17.7862,5
17.7863,0
17.7917,15
17.7919,0
17.8028,2
17.8028,0
17.8082,1
17.8083,0
17.8137,12
17.8138,4
17.8139,0
17.8193,14
17.8194,1
17.8194,0
17.8248,6
17.8249,0
17.8304,4
17.8304,0
17.8358,2
17.8359,0
17.8413,4
17.8414,0
17.8468,4
17.8469,0
17.8523,8
17.8524,0
17.8578,11
17.8579,1
17.8579,0
17.8634,3
17.8634,0
17.8688,6
17.8689,0
17.8747,11
17.8748,8
17.8748,0
17.875,11
17.8751,0
17.8805,3
17.8809,0
17.8863,15
17.8863,12
17.8865,0
17.8919,15
17.8919,10
17.892,0
17.8974,1
17.8975,0
17.9029,12
17.903,9
17.9031,0
17.9085,9
17.9086,0
17.914,10
17.9141,0
17.9195,11
17.9196,7
17.9197,0
17.9251,15
17.9252,5
17.9253,0
17.9307,8
17.9307,7
17.931,0
17.9364,8
17.9364,6
17.9365,0
17.9419,2
17.942,0
17.9474,4
17.9474,0
17.9529,5
17.9529,0
17.9583,9
17.9585,0
17.9639,15
17.9641,0
17.9695,13
17.9695,12
17.9696,0
17.975,4
17.9751,0
17.9805,14
17.9809,6
17.981,0
17.9864,15
17.9865,3
17.9866,0
17.992,4
17.992,0
17.9975,13
17.9977,0
17.9978,5
17.9979,0
17.9981,14
17.9983,0
17.9984,11
17.9985,8
17.9986,0
17.9987,4
17.9988,0
17.999,8
17.999,3
17.9991,0
17.9992,8
17.9994,0
17.9995,8
17.9996,3
17.9996,0
18,14
18.0002,1
18.0002,0
18.0003,4
18.0004,0
18.0006,5
18.0007,0
18.0008,4
18.0009,0
18.0011,7
18.0012,0
18.0013,7
18.0015,0
18.0016,8
18.0017,7
18.0017,0
18.0021,15
18.0022,14
18.0026,0
18.0027,9
18.0028,8
18.0029,0
18.003,6
18.0031,0
18.0033,15
18.0033,10
18.0034,0
18.0143,8
18.0144,4
18.0144,2
18.0199,0
18.0253,7
18.0253,3
18.0255,0
18.031,2
18.031,0
18.0364,4
18.0365,0
18.0366,9
18.0367,2
18.0369,0
18.0423,15
18.0424,12
18.0425,3
18.0427,0
18.0538,5
18.0539,0
18.0593,14
18.0594,8
18.0596,7
18.0597,1
18.0651,0
18.0705,8
18.0706,5
18.0708,3
18.0762,2
18.0763,0
18.0817,2
18.082,0
18.0874,3
18.0875,0
18.0929,6
18.093,0
18.0986,5
18.0987,0
18.1041,13
18.1042,3
18.1097,0
18.1151,7
18.1151,5
18.1154,0
18.1208,14
18.1209,5
18.1264,3
18.1266,0
18.132,4
18.132,2
18.1375,0
18.1541,11
18.1542,6
18.1542,3
18.1544,1
18.1599,0
18.1653,15
18.1654,10
18.1656,5
18.171,3
18.1712,0
18.1766,14
18.1768,2
18.1823,0
18.1877,6
18.188,4
18.188,1
18.1882,0
18.1936,6
18.1937,2
18.1992,0
18.2046,13
18.2046,10
18.2047,0
18.2103,15
18.2104,7
18.2159,5
18.2159,0
18.2214,10
18.2214,8
18.2217,1
18.2271,0
18.2327,10
18.2328,0
18.2382,14
18.2383,12
18.2383,8
18.2438,5
18.2438,0
18.2493,4
18.2493,1
18.2493,0
18.2547,1
18.2551,0
18.2607,9
18.2607,7
18.2608,3
18.2662,0
18.2716,15
18.2717,7
18.2718,4
18.272,0
18.2774,5
18.2775,2
18.2829,0
18.2883,15
18.2887,10
18.2889,7
18.2944,6
18.2944,5
18.2944,2
18.2946,0
18.3,15
18.3001,9
18.3056,5
18.3056,2
18.3058,0
18.3112,7
18.3113,5
18.3168,0
18.3222,3
18.3222,2
18.3222,0
18.3224,3
18.3224,0
18.3279,15
18.3279,9
18.3281,7
18.3336,5
18.3336,3
18.3336,1
18.3338,0
18.3392,11
18.3393,5
18.3395,0
18.345,5
18.345,2
18.3505,0
18.3559,3
18.3563,0
18.3617,15
18.3617,11
18.362,0
18.3674,15
18.3675,10
18.373,8
18.3732,0
18.3786,13
18.3787,11
18.3842,6
18.3844,0
18.3898,14
18.3902,7
18.3957,5
18.3957,4
18.3959,3
18.3959,0
18.4013,15
18.4014,7
18.4069,6
18.4071,4
18.4125,0
18.4179,9
18.4181,0
18.4235,13
18.4235,12
18.4236,4
18.4238,0
18.4347,3
18.4347,0
18.4401,14
18.4403,3
18.4405,2
18.4459,0
18.4513,7
18.4514,0
18.4568,2
18.4572,1
18.4574,0
18.4628,12
18.4629,2
18.4684,1
18.4685,0
18.4794,12
18.4795,5
18.4797,0
18.4851,7
18.4852,4
18.4852,2
18.491,0
18.4964,9
18.4965,2
18.4967,0
18.5075,11
18.5076,5
18.5077,0
18.5131,14
18.5132,12
18.5134,9
18.5245,5
18.5246,0
18.5302,13
18.5302,11
18.5357,5
18.5358,0
18.5412,1
18.5412,0
18.5467,15
18.5467,14
18.5467,12
18.547,0
18.5524,14
18.5525,10
18.5583,2
18.5583,0
18.5638,13
18.5641,0
18.5642,4
18.5643,2
18.5697,0
18.5752,8
18.5752,2
18.5754,1
18.5809,0
18.5917,4
18.5918,0
18.5972,11
18.5976,4
18.5978,0
18.6032,3
18.6033,1
18.6087,0
18.6142,6
18.6142,0
18.6197,2
18.6197,0
18.6251,10
18.6252,7
18.6254,5
18.6254,0
18.6308,1
18.6309,0
18.6363,1
18.6364,0
18.6418,7
18.6418,4
18.6419,2
18.6473,0
18.6527,15
18.6528,12
18.653,3
18.6531,0
18.6639,4
18.6643,3
18.6697,0
18.6752,5
18.6752,0
18.6808,3
18.6809,0
18.6863,6
18.6864,1
18.6918,0
18.703,11
18.7031,3
18.7033,0
18.7087,13
18.7089,0
18.709,13
18.7091,8
18.7092,0
18.7094,10
18.7095,0
18.7096,15
18.7097,14
18.7097,11
18.71,0
18.7154,7
18.7155,2
18.7209,0
18.7264,15
18.7265,2
18.7267,1
18.7267,0
18.7321,10
18.7322,0
18.7377,2
18.7377,0
18.7486,7
18.7487,2
18.7488,1
18.7543,0
18.7597,11
18.7598,9
18.7599,0
18.7654,8
18.7658,0
18.7767,8
18.7768,4
18.777,2
18.777,0
18.7824,3
18.7825,0
18.7879,10
18.788,3
18.7934,1
18.7936,0
18.799,14
18.7994,9
18.7994,6
18.8049,5
18.8051,0
18.8105,6
18.8106,1
18.8161,0
18.8215,14
18.8216,3
18.8271,2
18.8325,0
18.8379,9
18.838,0
18.8435,12
18.8435,10
18.8437,9
18.8438,3
18.8492,1
18.8494,0
18.8603,8
18.8603,4
18.8603,3
18.8661,0
18.8715,6
18.8716,0
18.877,3
18.8771,0
18.8825,11
18.8825,10
18.8828,4
18.8828,0
18.8882,2
18.8883,0
18.8937,1
18.8937,0
18.8991,5
18.8992,3
18.8992,2
18.8992,0
18.8997,1
18.8997,0
18.9051,10
18.9052,7
18.9052,5
18.9054,0
18.9108,11
18.911,4
18.9164,0
18.9219,11
18.9219,6
18.9222,0
18.9276,3
18.9277,0
18.9331,4
18.9331,0
18.9385,6
18.9386,0
18.9497,7
18.9498,3
18.95,0
18.9554,10
18.9555,4
18.961,0
18.9664,3
18.9664,0
18.9719,5
18.9722,4
18.9724,0
18.9778,1
18.9779,0
18.978,10
18.9781,9
18.9783,4
18.9783,0
18.9837,10
18.9838,3
18.9893,0
18.9947,12
18.9948,10
18.995,0
19.0004,7
19.0005,3
19.0005,1
19.006,0
19.0117,13
19.0117,12
19.0118,0
19.0173,10
19.0173,7
19.0175,4
19.0176,0
19.0284,3
19.0285,0
19.0339,6
19.034,2
19.034,0
19.0449,4
19.0449,0
19.0503,10
19.0504,8
19.0506,4
19.0506,0
19.0615,11
19.0616,6
19.067,5
19.0671,4
19.0671,0
19.0725,5
19.0728,3
19.073,2
19.0731,0
19.0785,15
19.0785,11
19.084,5
19.0841,2
19.0841,0
19.0895,15
19.0896,11
19.0899,0
19.0953,11
19.0953,7
19.1008,5
19.101,0
19.1064,9
19.1068,7
19.1122,6
19.1123,0
19.1177,6
19.1178,0
19.1232,12
19.1233,4
19.1233,2
19.1235,0
19.1289,7
19.129,0
19.1345,10
19.1345,8
19.14,6
19.14,1
19.1402,0
19.1456,7
19.1457,0
19.1511,10
19.1512,8
19.1567,6
19.1567,0
19.1621,6
19.1622,4
19.1622,0
19.1731,13
19.1734,11
19.1736,8
19.1791,5
19.1793,0
19.1847,1
19.1848,0
19.1849,7
19.185,5
19.185,0
19.1905,1
19.1905,0
19.1959,3
19.196,0
19.2014,1
19.2014,0
19.2068,15
19.2072,12
19.2074,10
19.2129,6
19.2129,3
19.2131,0
19.2185,11
19.2186,3
19.2241,0
19.2295,2
19.2296,0
19.235,4
19.2351,3
19.2351,0
19.2407,9
19.2408,0
19.2462,10
19.2463,8
19.2464,0
19.2572,1
19.2573,0
19.2627,13
19.2628,11
19.2629,0
19.2683,10
19.2684,4
19.2684,0
19.2738,1
19.2739,0
19.2793,4
19.2793,0
19.2848,8
19.2848,7
19.2849,0
19.2903,6
19.2904,0
19.2958,13
19.2958,12
19.2959,0
19.3068,9
19.3069,7
19.3069,0
19.3123,13
19.3128,0
19.3182,14
19.3183,9
19.3184,0
19.3238,2
19.3238,0
19.3292,11
19.3293,8
19.3294,0
19.3348,2
19.3348,0
19.3402,10
19.3403,6
19.3404,0
19.3458,12
19.3459,1
19.3459,0
19.3513,5
19.3514,0
19.3568,10
19.357,2
19.357,0
19.3624,14
19.3625,5
19.3628,4
19.363,0
19.3684,11
19.3685,2
19.3686,0
19.374,11
19.3741,0
19.3795,14
19.3796,13
19.3797,0
19.3851,7
19.3852,3
19.3852,0
19.3906,6
21.3949,1
21.3963,0
21.4017,15
21.4019,0
21.4073,15
21.4075,0
21.4129,3
21.413,1
21.413,0
21.4184,2
21.4185,0
21.4239,9
21.424,0
21.4294,1
21.4294,0
21.4349,12
21.435,0
21.4404,12
21.4406,0
21.446,3
21.446,0
21.4569,2
21.457,0
21.4624,6
21.4628,0
21.4682,13
21.4683,2
21.4683,0
21.4737,10
21.4739,0
21.4793,1
21.4793,0
21.4847,10
21.4849,0
21.4903,5
21.4904,0
21.4958,10
21.4959,0
21.5013,6
21.5014,2
21.5014,0
21.5068,6
21.5069,0
21.5123,8
21.5124,2
21.5124,0
21.5178,7
21.5179,0
21.5234,14
21.5234,9
21.5235,0
21.5289,15
21.529,6
21.5291,0
21.5345,8
21.5346,0
21.54,14
21.5402,0
21.5456,2
21.5457,0
21.5511,6
21.5512,0
21.5566,15
21.5567,6
21.5568,0
21.5622,3
21.5625,2
21.5625,0
21.5679,11
21.5681,0
21.5735,7
21.5735,6
21.5736,0
21.579,8
21.5791,0
21.5845,10
21.5847,0
21.5901,9
21.5902,2
21.5902,0
21.5956,12
21.5957,0
21.6012,4
21.6012,0
21.6066,10
21.6068,0
21.6176,3
21.6177,0
21.6232,9
21.6233,5
21.6233,0
21.6235,14
21.6236,0
21.6238,2
21.6239,0
21.624,15
21.6242,1
21.6242,0
21.6244,8
21.6245,0
21.6246,6
21.6247,0
21.6249,15
21.6251,0
21.6252,7
21.6253,4
21.6253,0
21.6255,7
21.6256,0
21.6258,10
21.6259,4
21.6259,0
21.6261,5
21.6262,0
21.6263,14
21.6264,7
21.6265,0
21.6267,3
21.6267,0
21.6269,8
21.627,2
21.627,0
21.6272,15
21.6274,0
21.6275,8
21.6276,0
21.6278,10
21.6279,0
21.6281,8
21.6282,0
21.6284,15
21.6285,6
21.6285,0
21.6287,6
21.6288,0
21.6289,11
21.629,4
21.6291,0
21.6345,8
21.6346,0
21.64,8
21.6401,6
21.6401,0
21.6455,7
21.6456,0
21.6511,7
21.6511,6
21.6512,0
21.6566,12
21.6567,1
21.6567,0
21.6676,9
21.668,0
21.6682,8
21.6683,3
21.6683,0
21.6685,7
21.6686,0
21.6688,3
21.6688,0
21.669,8
21.669,6
21.6691,0
21.6693,15
21.6694,3
21.6694,0
21.6696,9
21.6697,0
21.6699,4
21.67,0
21.6701,4
21.6702,0
21.6704,13
21.6705,0
21.6707,6
21.6708,0
21.671,11
21.6711,1
21.6711,0
21.6713,3
21.6713,0
21.6715,12
21.6717,0
21.6718,5
21.6719,0
21.6721,1
21.6721,0
21.6723,3
21.6724,0
21.6725,7
21.6726,3
21.6726,0
21.6728,10
21.6729,0
21.6731,11
21.6732,8
21.6732,0
21.6734,11
21.6735,0
21.6737,7
21.6738,0
21.674,6
21.6741,0
21.6742,9
21.6743,8
21.6744,0
21.6745,7
21.6746,0
21.6748,6
21.6748,5
21.6749,0
21.675,7
21.6752,0
21.6753,6
21.6754,1
21.6754,0
21.6756,1
21.6756,0
21.6758,7
21.6759,0
21.6761,8
21.6761,3
21.6762,0
21.6768,10
21.6769,0
21.6771,14
21.6772,0
21.6774,12
21.6775,9
21.6775,0
21.6777,13
21.6778,3
21.6779,0
21.678,6
21.6781,0
21.6783,12
21.6784,5
21.6784,0
21.6786,9
21.6788,0
21.6843,14
21.6844,5
21.6844,0
21.6898,15
21.69,3
21.69,0
21.6954,3
21.6955,0
21.7009,13
21.701,5
21.7011,0
21.7065,14
21.7066,2
21.7066,0
21.712,3
21.7121,0
21.7175,11
21.7176,2
21.7177,0
21.7231,7
21.7232,0
21.7286,12
21.7287,7
21.7287,0
21.7341,10
21.7343,0
21.7397,12
21.7398,0
21.7452,3
21.7453,0
21.7507,4
21.7508,0
21.7562,9
21.7563,0
21.7617,5
21.7618,0
21.7672,12
21.7677,0
21.7731,9
21.7732,5
21.7732,0
21.7786,5
21.7787,0
21.7896,6
21.7896,5
21.7897,0
21.7951,3
21.7951,0
21.8005,12
21.8006,6
21.8007,0
21.8061,3
21.8062,0
21.8116,9
21.8117,4
21.8117,0
21.8171,6
21.8172,0
21.8226,14
21.8227,10
21.8228,0
21.8282,11
21.8283,4
21.8283,0
21.8337,5
21.8338,0
21.8392,3
21.8393,0
21.8447,5
21.8448,0
21.8502,5
21.8503,0
21.8557,15
21.8558,12
21.8559,0
21.8613,14
21.8614,9
21.8615,0
21.8669,5
21.867,0
21.8724,14
21.8728,4
21.8728,0
21.8782,13
21.8784,0
21.8838,14
21.884,0
21.8894,9
21.8894,8
21.8895,0
21.8949,15
21.895,6
21.8951,0
21.9005,5
21.9006,0
21.906,12
21.906,9
21.9061,0
21.9115,2
21.9116,0
21.917,10
21.9171,7
21.9171,0
21.9225,14
21.9227,4
21.9227,0
21.9281,6
21.9282,0
21.9336,12
21.9337,8
21.9338,0
21.9392,9
21.9393,0
21.9447,4
21.9448,0
21.9502,6
21.9503,0
21.9557,6
21.9558,5
21.9558,0
21.9612,9
21.9613,0
21.9668,2
21.9668,0
21.9722,13
21.9726,8
21.9727,0
21.9781,10
21.9782,0
21.9891,9
21.9892,0
22,13
22.0002,0
22.0056,2
22.0057,0
22.0111,7
22.0112,0
22.0166,4
22.0167,0
22.0221,15
22.0223,0
22.0277,15
22.0277,13
22.0278,0
22.0333,15
22.0333,11
22.0334,0
22.0388,5
22.0389,0
22.0443,12
22.0445,0
22.0499,8
22.05,4
22.05,0
22.0554,15
22.0556,2
22.0556,0
22.061,9
22.0611,0
22.0665,14
22.0666,11
22.0667,0
22.0721,9
22.0722,3
22.0722,0
22.0776,12
22.078,8
22.0781,0
22.0835,12
22.0836,2
22.0836,0
22.089,9
22.0892,0
22.0946,6
22.0946,3
22.0947,0
22.1001,10
22.1002,0
22.1056,1
22.1057,0
22.1111,6
22.1112,0
22.122,15
22.1221,11
22.1222,0
22.1276,7
22.1277,0
22.1331,10
22.1333,0
22.1387,15
22.1388,11
22.1389,0
22.1443,3
22.1443,0
22.1497,9
22.1499,0
22.1553,9
22.1554,1
22.1554,0
22.1608,3
22.1609,0
22.1663,10
22.1664,0
22.1718,12
22.172,0
22.1774,14
22.1778,2
22.1778,0
22.1832,8
22.1834,0
22.1888,4
22.1888,0
22.1943,13
22.1944,0
22.1998,13
22.1999,12
22.2,0
22.2054,9
22.2055,4
22.2055,0
22.2109,13
22.2111,0
22.2165,11
22.2166,0
22.222,1
22.2221,0
22.2275,15
22.2277,0
22.2331,2
22.2331,0
22.2386,2
22.2386,0
22.244,8
22.2441,0
22.2495,7
22.2497,0
22.2551,11
22.2552,0
22.2606,6
22.2607,0
22.2661,15
22.2662,7
22.2663,0
22.2717,13
22.2718,3
22.2719,0
22.2773,12
22.2774,0
22.2828,6
22.2832,0
22.2886,11
22.2888,0
22.2942,8
22.2943,2
22.2943,0
22.2997,3
22.2998,0
22.3052,7
22.3053,0
22.3107,10
22.3108,0
22.3162,9
22.3163,3
22.3163,0
22.3218,13
22.3219,0
22.3273,6
22.3274,0
22.3328,4
22.3329,0
22.3383,4
22.3384,2
22.3384,0
22.3438,2
22.3439,0
22.3493,3
22.3493,0
22.3602,6
22.3603,0
22.3657,13
22.3658,1
22.3659,0
22.3713,15
22.3715,0
22.3769,2
22.3769,0
22.3823,13
22.3827,10
22.3828,0
22.3882,15
22.3884,0
22.3886,4
22.3886,0
22.394,11
22.3942,0
22.3996,5
22.3997,0
22.4051,8
22.4052,0
22.4106,15
22.4107,9
22.4108,0
22.4162,9
22.4163,0
22.4217,15
22.4219,0
22.4273,3
22.4274,0
22.4328,2
22.4329,0
22.4383,6
22.4384,0
22.4438,13
22.4439,0
22.4493,9
22.4494,6
22.4495,0
22.4549,14
22.455,3
22.455,0
22.4604,4
22.4605,0
22.4659,2
22.466,0
22.4714,9
22.4715,7
22.4715,0
22.4769,3
22.477,0
22.4824,4
22.4825,0
22.4879,14
22.4883,7
22.4883,0
22.4938,2
22.4938,0
22.4993,14
22.4995,0
22.4996,3
22.4997,0
22.5051,10
22.5052,0
22.5106,9
22.5107,3
22.5107,0
22.5161,4
22.5162,0
22.5216,10
22.5217,3
22.5218,0
22.5272,3
22.5272,0
22.5326,5
22.5327,0
22.5381,13
22.5383,0
22.5437,8
22.5438,4
22.5438,0
22.5492,3
22.5493,0
22.5547,1
22.5548,0
22.5602,8
22.5602,5
22.5603,0
22.5657,7
22.5658,0
22.5712,1
22.5713,0
22.5767,10
22.5768,0
22.5822,1
22.5823,0
22.5877,7
22.5881,0
22.5935,11
22.5936,0
22.599,2
22.5991,0
22.6045,12
22.6045,11
22.6046,0
22.61,10
22.6101,4
22.6102,0
22.6156,5
22.6157,0
22.6211,12
22.6212,7
22.6212,0
22.6266,13
22.6268,2
22.6268,0
22.6322,10
22.6323,0
22.6378,2
22.6378,0
22.6432,1
22.6433,0
22.6487,12
22.6488,0
22.6542,13
22.6544,0
22.6598,6
22.6599,4
22.6599,0
22.6653,4
22.6654,0
22.6708,10
22.6709,4
22.6709,0
22.6763,9
22.6765,0
22.6819,6
22.6819,5
22.682,0
22.6874,7
22.6875,0
22.6929,1
22.6932,0
22.6986,15
22.6987,8
22.6988,0
22.7042,6
22.7043,0
22.7097,3
22.7098,0
22.7152,6
22.7153,0
22.7207,9
22.7208,4
22.7208,0
22.7262,12
22.7264,0
22.7318,7
22.7319,0
22.7373,11
22.7374,2
22.7375,0
22.7429,1
22.7429,0
22.7483,11
22.7485,0
22.7539,15
22.754,0
22.7595,14
22.7596,0
22.7705,11
22.7706,0
22.776,13
22.7761,8
22.7762,0
22.7871,14
22.7873,0
22.7874,14
22.7875,8
22.7876,0
22.7931,15
22.7935,1
22.7935,0
22.7937,15
22.7938,0
22.7992,7
22.7993,6
22.7994,0
22.8048,11
22.8049,0
22.8103,9
22.8104,0
22.8158,1
22.8159,0
22.8213,9
22.8213,8
22.8214,0
22.8268,3
22.8269,0
22.8323,4
22.8324,1
22.8324,0
22.8378,15
22.838,0
22.8488,1
22.8489,0
22.8543,1
22.8543,0
22.8598,6
22.8599,0
22.8653,12
22.8654,0
22.8708,4
22.8709,1
22.8709,0
22.8818,11
22.8819,0
22.8873,11
22.8874,0
22.8929,7
22.8932,0
22.9041,14
22.9042,13
22.9043,0
22.9097,13
22.9099,0
22.9101,6
22.9101,2
22.9102,0
22.9103,2
22.9104,0
22.9105,8
22.9107,0
22.9108,8
22.9109,6
22.9109,0
22.9111,14
22.9113,2
22.9113,0
22.9114,12
22.9116,0
22.9118,7
22.9118,4
22.9119,0
22.912,11
22.9122,0
22.9123,11
22.9124,10
22.9125,0
22.9126,2
22.9127,0
22.9131,14
22.9131,12
22.9132,0
22.9134,8
22.9135,1
22.9135,0
22.9137,5
22.9138,0
22.9139,6
22.914,0
22.9142,14
22.9142,12
22.9144,0
22.9145,12
22.9146,5
22.9147,0
22.9148,3
22.9149,0
22.9153,7
22.9154,0
22.9208,7
22.9209,0
22.9263,14
22.9264,6
22.9264,0
22.9319,13
22.932,1
22.932,0
22.9374,12
22.9376,0
22.943,10
22.943,9
22.9431,0
22.9485,9
22.9486,1
22.9486,0
22.9541,9
22.9542,0
22.9596,9
22.9597,5
22.9597,0
22.9652,5
22.9653,0
22.9654,5
22.9655,0
22.9657,4
22.9658,0
22.9659,2
22.966,0
22.9662,5
22.9662,3
22.9662,0
22.9664,9
22.9665,0
22.9667,1
22.9667,0
22.9669,5
22.967,4
22.967,0
22.9672,2
22.9672,0
22.9674,10
22.9675,0
22.9677,2
22.9677,0
22.9683,5
22.9684,0
22.9686,3
22.9686,0
22.9688,13
22.969,0
22.9691,14
22.9692,11
22.9693,0
22.9695,11
22.9696,3
22.9696,0
22.97,14
22.9701,1
22.9701,0
22.9703,3
22.9704,0
22.9705,14
22.9707,1
22.9707,0
22.9709,7
22.971,0
22.9711,13
22.9713,5
22.9713,0
22.9714,7
22.9715,0
22.977,1
22.977,0
22.9824,12
22.9825,10
22.9826,0
22.988,11
22.9881,4
22.9881,0
22.9935,10
22.9937,0
22.9991,6
22.9994,0
23.0049,10
23.0049,9
23.005,0
23.0104,9
23.0105,1
23.0105,0
23.0159,1
23.016,0
23.0214,10
23.0215,0
23.0269,4
23.027,0
23.0324,13
23.0326,1
23.0326,0
23.038,15
23.0382,0
23.0436,2
23.0436,0
23.049,10
23.0492,0
23.06,12
23.0602,0
23.0656,1
23.0656,0
23.071,7
23.0712,0
23.0766,9
23.0767,1
23.0767,0
23.0821,13
23.0823,0
23.0877,5
23.0877,0
23.0932,11
23.0933,0
23.0987,1
23.099,0
23.1044,12
23.1045,8
23.1046,0
23.11,13
23.1101,4
23.1102,0
23.1156,10
23.1157,0
23.1211,4
23.1212,0
23.1266,3
23.1267,0
23.1321,13
23.1322,6
23.1322,0
23.1376,11
23.1378,0
23.1432,7
23.1433,0
23.1487,4
23.1488,0
23.1542,12
23.1544,0
23.1598,13
23.1598,8
23.1599,0
23.1653,3
23.1654,0
23.1708,2
23.1709,0
23.1763,12
23.1764,0
23.1818,14
23.1819,11
23.182,0
23.1874,12
23.1875,5
23.1876,0
23.193,12
23.1931,0
23.1985,2
23.1986,0
23.204,5
23.2043,3
23.2044,0
23.2098,2
23.2098,0
23.2152,12
23.2154,3
23.2154,0
23.2208,11
23.2209,0
23.2264,12
23.2265,0
23.2319,3
23.232,0
23.2374,14
23.2376,0
23.243,15
23.243,13
23.2431,0
23.2486,14
23.2486,10
23.2487,0
23.2541,9
23.2542,1
23.2543,0
23.2651,12
23.2653,0
23.2707,15
23.2708,0
23.2763,6
23.2764,0
23.2818,13
23.2819,2
23.2819,0
23.2873,12
23.2875,0
23.2929,13
23.293,0
23.2985,12
23.2985,8
23.2986,0
23.304,4
23.3044,0
23.3098,6
23.3099,0
23.3153,1
23.3153,0
23.3207,9
23.3209,0
23.3263,13
23.3264,6
23.3264,0
23.3318,13
23.332,2
23.332,0
23.3374,10
23.3375,0
23.343,15
23.343,13
23.3431,0
23.3485,6
23.3486,1
23.3486,0
23.354,15
23.3542,0
23.3597,13
23.3598,1
23.3599,0
23.36,12
23.3602,0
23.3603,5
23.3604,2
23.3604,0
23.3606,6
23.3607,0
23.3608,12
23.361,3
23.361,0
23.3612,1
23.3612,0
23.3614,14
23.3615,2
23.3615,0
23.3617,9
23.3618,0
23.3622,9
23.3623,6
23.3623,0
23.3625,11
23.3626,0
23.3628,6
23.3629,0
23.3631,5
23.3631,0
23.3633,12
23.3634,7
23.3635,0
23.3636,15
23.3638,3
23.3638,0
23.364,6
23.3641,0
23.3642,14
23.3643,7
23.3644,0
23.3646,9
23.3647,0
23.3648,14
23.365,0
23.3652,12
23.3653,7
23.3653,0
23.3655,3
23.3656,0
23.3657,6
23.3658,0
23.366,13
23.3661,0
23.3663,9
23.3664,5
23.3664,0
23.3666,2
23.3667,0
23.3668,4
23.3669,0
23.3671,14
23.3671,11
23.3672,0
23.3674,6
23.3675,0
23.3677,15
23.3678,0
23.368,4
23.3681,1
23.3681,0
23.3685,3
23.3685,0
23.3687,10
23.3688,0
23.369,14
23.3691,0
23.3693,7
23.3694,5
23.3694,0
23.3696,10
23.3697,0
23.3699,11
23.3699,9
23.37,0
23.3702,10
23.3703,1
23.3703,0
23.3705,1
23.3705,0
23.3707,2
23.3708,0
23.3709,4
23.371,0
23.3712,13
23.3712,9
23.3713,0
23.3715,14
23.3716,4
23.3717,0
23.3718,7
23.3719,0
23.3721,11
23.3722,6
23.3722,0
23.3724,12
23.3725,0
23.3727,5
23.3728,0
23.373,4
23.373,0
23.3732,5
23.3733,0
23.3735,2
23.3735,0
23.3739,6
23.374,0
23.3741,3
23.3742,0
23.3744,5
23.3745,0
23.3746,15
23.3748,2
23.3748,0
23.375,5
23.3751,0
23.3752,12
23.3754,2
23.3754,0
23.3755,8
23.3757,0
23.3758,4
23.3759,0
23.3761,5
23.3762,0
23.3763,10
23.3764,0
23.3766,11
23.3767,10
23.3768,0
23.3769,3
23.377,0
23.3772,4
23.3772,0
23.3774,9
23.3775,0
23.3777,4
23.3778,0
23.3781,6
23.3782,0
23.3784,8
23.3785,0
23.3787,5
23.3787,4
23.3788,0
23.3789,11
23.3791,0
23.3792,13
23.3793,12
23.3794,0
23.3796,11
23.3797,4
23.3797,0
23.3799,13
23.38,0
23.3802,13
23.3803,0
23.3805,5
23.3806,0
23.3808,8
23.3809,0
23.381,12
23.3811,4
23.3812,0
23.3813,15
23.3815,0
23.3817,12
23.3818,0
23.3873,7
23.3874,0
23.3875,10
23.3877,0
23.3931,14
23.3932,0
23.3987,8
23.3987,5
23.3988,0
23.4042,8
23.4043,0
23.4097,9
23.4101,0
23.4155,9
23.4156,0
23.421,3
25.4248,0
25.4316,3
25.4317,0
25.4371,1
25.4372,0
25.4426,5
25.4427,0
25.4481,6
25.4482,0
25.4536,2
25.4539,0
25.4593,15
25.4594,11
25.4595,0
25.4649,13
25.465,6
25.4651,0
25.4705,10
25.4706,0
25.4815,12
25.4816,0
25.4871,11
25.4872,0
25.4874,14
25.4874,13
25.4876,0
25.4877,14
25.4878,9
25.4879,0
25.4881,2
25.4881,0
25.4883,15
25.4884,9
25.4885,0
25.4886,4
25.4887,0
25.4889,10
25.4889,7
25.489,0
25.4892,3
25.4892,0
25.4894,11
25.4895,5
25.4896,0
25.4897,2
25.4898,0
25.4899,6
25.49,0
25.4902,10
25.4903,9
25.4903,0
25.4905,11
25.4906,1
25.4906,0
25.4908,13
25.491,0
25.4911,2
25.4912,0
25.4914,10
25.4915,0
25.4916,10
25.4917,3
25.4918,0
25.4919,1
25.492,0
25.4922,9
25.4923,0
25.4924,7
25.4925,6
25.4926,0
25.4927,4
25.4928,0
25.4982,14
25.4983,13
25.4984,0
25.4986,3
25.4986,0
25.4988,9
25.4989,8
25.4989,0
25.4991,3
25.4992,0
25.4993,5
25.4994,0
25.4996,11
25.4997,0
25.4999,9
25.5,4
25.5,0
25.5002,12
25.5003,0
25.5005,4
25.5005,3
25.5006,0
25.5007,2
25.5008,0
25.501,3
25.501,0
25.5012,9
25.5013,3
25.5013,0
25.5015,10
25.5016,0
25.5018,11
25.5018,8
25.5019,0
25.5021,14
25.5022,3
25.5022,0
25.5024,4
25.5025,0
25.5027,2
25.5027,0
25.5029,1
25.5029,0
25.5031,11
25.5031,9
25.5032,0
25.5034,2
25.5035,0
25.5036,2
25.5037,0
25.5038,8
25.5039,7
25.5039,3
25.5041,0
25.5043,11
25.5044,5
25.5099,3
25.5099,0
25.5101,6
25.5101,3
25.5103,2
25.5158,0
25.516,8
25.516,3
25.5161,0
25.5164,2
25.5165,0
25.5168,5
25.5169,0
25.5171,13
25.5172,9
25.5173,0
25.5174,1
25.5175,0
25.5176,12
25.5177,6
25.5178,0
25.5179,3
25.518,0
25.5182,13
25.5183,5
25.5183,0
25.5185,1
25.5186,0
25.5187,2
25.5188,0
25.5189,13
25.519,7
25.5191,0
25.5193,5
25.5194,0
25.5195,8
25.5196,4
25.5196,0
25.5198,5
25.5199,0
25.5201,1
25.5201,0
25.5203,9
25.5203,5
25.5204,0
25.5206,14
25.5207,0
25.5209,12
25.521,0
25.5266,8
25.5267,5
25.5267,0
25.5322,6
25.5322,0
25.5431,14
25.5433,0
25.5487,15
25.5488,12
25.5489,0
25.5543,7
25.5544,1
25.5544,0
25.5598,4
25.5601,0
25.5656,10
25.5657,0
25.5711,3
25.5712,0
25.5766,13
25.5767,0
25.5821,8
25.5822,4
25.5823,0
25.5877,10
25.5878,0
25.5932,4
25.5933,0
25.5987,11
25.5988,0
25.6042,3
25.6043,0
25.6097,6
25.6098,0
25.6152,6
25.6153,2
25.6153,0
25.6207,15
25.6209,0
25.6263,7
25.6264,0
25.6318,5
25.6319,0
25.6373,10
25.6375,0
25.6429,1
25.6429,0
25.6483,7
25.6484,6
25.6484,0
25.6593,4
25.6597,0
25.676,3
25.676,0
25.6814,9
25.6816,0
25.687,13
25.6871,6
25.6871,0
25.6925,9
25.6927,0
25.7041,9
25.7043,0
25.7044,8
25.7045,7
25.7045,0
25.7099,6
25.71,0
25.7154,11
25.7156,0
25.7265,12
25.7278,8
25.7279,4
25.7385,1
25.7385,0
25.7386,8
25.7387,0
25.7496,9
25.7497,3
25.7497,0
25.7551,5
25.7552,0
25.7606,7
25.761,0
25.7664,6
25.7665,5
25.7667,0
25.7721,5
25.7722,0
25.7776,1
25.7776,0
25.7831,4
25.7831,0
25.7885,6
25.7886,0
25.794,10
25.7942,1
25.7942,0
25.7996,6
25.7997,0
25.8051,7
25.8052,0
25.8106,11
25.8107,0
25.8162,11
25.8162,8
25.8163,0
25.8217,10
25.8218,0
25.8272,12
25.8274,0
25.8328,6
25.8329,4
25.8329,0
25.8383,4
25.8384,0
25.8438,9
25.8439,3
25.8439,0
25.8493,11
25.8495,0
25.8549,5
25.855,0
25.8604,5
25.8605,0
25.8659,1
25.8662,0
25.8716,11
25.8717,2
25.8718,0
25.8772,15
25.8773,0
25.8827,7
25.8829,0
25.8883,1
25.8883,0
25.8992,13
25.8993,0
25.9047,8
25.9048,4
25.9049,0
25.9103,5
25.9104,0
25.9158,15
25.9158,10
25.9159,0
25.9213,12
25.9215,4
25.9215,0
25.9269,3
25.927,0
25.9324,15
25.9325,8
25.9326,0
25.938,7
25.9381,0
25.9435,5
25.9436,0
25.9544,11
25.9545,3
25.9546,0
25.96,5
25.9601,0
25.9655,7
25.9659,0
25.9661,9
25.9661,6
25.9662,0
25.9716,14
25.9717,3
25.9718,0
25.9772,12
25.9773,2
25.9779,0
25.9834,8
25.9837,7
25.9837,6
25.9839,5
25.9839,0
25.9841,10
25.9842,1
25.9897,0
25.9951,12
25.9952,0
26.0006,14
26.0007,9
26.0008,0
26.0062,3
26.0063,0
26.0117,6
26.0117,4
26.0118,0
26.0172,8
26.0173,0
26.0227,7
26.0228,5
26.0228,0
26.0282,5
26.0283,0
26.0392,15
26.0392,14
26.0393,0
26.0448,7
26.0448,4
26.0449,0
26.0503,12
26.0504,0
26.0558,14
26.056,0
26.0614,3
26.0615,2
26.0615,0
26.0669,4
26.067,0
26.0724,7
26.0728,0
26.0782,1
26.0782,0
26.0836,13
26.0837,9
26.0838,0
26.0892,15
26.0893,7
26.0894,0
26.0948,1
26.0948,0
26.1002,2
26.1003,0
26.1057,3
26.1058,2
26.1058,0
26.1112,7
26.1113,0
26.1167,11
26.1168,6
26.1168,0
26.1222,12
26.1224,1
26.1224,0
26.1278,5
26.1279,0
26.1333,6
26.1334,0
26.1388,10
26.1389,0
26.1498,8
26.1499,5
26.1499,0
26.1553,4
26.1554,0
26.1608,8
26.1609,3
26.1609,0
26.1663,1
26.1664,0
26.1718,15
26.1723,0
26.1777,2
26.1777,1
26.1777,0
26.1831,4
26.1832,0
26.1886,14
26.1887,5
26.1888,0
26.1942,3
26.1943,0
26.1997,7
26.1998,1
26.1998,0
26.2052,15
26.2054,0
26.2108,5
26.2109,0
26.2163,8
26.2164,0
26.2218,8
26.2219,0
26.2273,9
26.2274,0
26.2328,1
26.2329,0
26.2383,6
26.2384,0
26.2438,8
26.2439,5
26.2439,0
26.2493,15
26.2495,2
26.2495,0
26.2549,2
26.255,0
26.2604,6
26.2605,0
26.2659,13
26.2661,0
26.2769,4
26.2778,2
26.2886,0
26.2941,1
26.2941,0
26.2995,11
26.2996,9
26.2997,0
26.3051,5
26.3052,0
26.3106,4
26.3106,0
26.316,12
26.3162,0
26.3216,10
26.3217,0
26.3271,1
26.3272,0
26.3326,15
26.3327,14
26.3328,0
26.3382,8
26.3383,4
26.3383,0
26.3437,12
26.3439,0
26.3493,11
26.3494,0
26.3548,14
26.3549,10
26.355,0
26.3604,6
26.3605,0
26.3659,4
26.366,0
26.3714,9
26.3715,0
26.3769,5
26.3773,0
26.3827,10
26.3828,9
26.3828,0
26.3937,15
26.3938,10
26.3939,0
26.3993,15
26.3994,8
26.3995,0
26.4049,6
26.405,0
26.4104,14
26.4105,0
26.4214,8
26.4215,0
26.4269,12
26.4271,2
26.4271,0
26.4325,6
26.4326,0
26.438,10
26.4381,5
26.4381,0
26.4435,11
26.4437,0
26.4491,13
26.4492,0
26.4546,8
26.4547,5
26.4548,0
26.4602,12
26.4603,0
26.4657,12
26.4659,0
26.4767,7
26.4768,4
26.4768,2
26.4771,0
26.4826,6
26.4827,0
26.4881,14
26.4882,6
26.4882,0
26.4936,15
26.4938,4
26.4938,0
26.4992,11
26.4994,0
26.5048,13
26.5049,0
26.5103,12
26.5104,8
26.5105,0
26.5159,15
26.516,6
26.5161,0
26.5215,10
26.5216,0
26.527,5
26.5271,0
26.538,9
26.5381,2
26.5381,0
26.5435,10
26.5436,0
26.549,2
26.5491,0
26.5545,15
26.5547,0
26.5601,8
26.5602,0
26.5656,15
26.5657,7
26.5658,0
26.5712,12
26.5713,1
26.5714,0
26.5768,13
26.5769,0
26.5823,14
26.5827,4
26.5828,0
26.5882,2
26.5883,0
26.5991,1
26.5992,0
26.6046,13
26.6047,0
26.6101,9
26.6102,8
26.6114,6
26.6115,0
26.6169,5
26.617,0
26.6224,14
26.6225,7
26.628,0
26.6282,6
26.6284,5
26.6284,4
26.6286,0
26.6287,9
26.6288,0
26.6343,5
26.6343,0
26.6561,1
26.6561,0
26.6615,4
26.6616,0
26.667,6
26.6671,0
26.6725,13
26.6727,2
26.6727,0
26.6781,5
26.6782,0
26.6836,4
26.6839,0
26.6893,5
26.6894,0
26.6948,4
26.6949,3
26.6949,0
26.7058,2
26.7058,0
26.7167,2
26.7168,0
26.7222,7
26.7223,0
26.7277,7
26.7278,0
26.7332,6
26.7333,0
26.7387,3
26.7388,0
26.7442,5
26.7442,3
26.7443,0
26.7497,13
26.7498,0
26.7552,1
26.7553,0
26.7607,12
26.7609,0
26.7663,11
26.7664,0
26.7718,12
26.7719,7
26.772,0
26.7774,9
26.7775,0
26.7829,4
26.783,0
26.7884,3
26.7887,2
26.7887,0
26.7942,9
26.7943,0
26.7997,12
26.7998,9
26.7998,0
26.8052,9
26.8054,0
26.8108,3
26.8108,0
26.8163,7
26.8164,0
26.8218,11
26.8219,0
26.8273,2
26.8274,0
26.8328,11
26.8328,10
26.8329,0
26.8438,4
26.8439,0
26.8493,13
26.8494,0
26.8548,10
26.8549,9
26.855,0
26.8604,8
26.8605,0
26.8659,5
26.866,0
26.8714,4
26.8715,0
26.8769,5
26.8769,3
26.877,0
26.8824,3
26.8825,0
26.8879,15
26.8883,0
26.8937,2
26.8938,0
26.8992,10
26.8993,0
26.9047,12
26.9048,10
26.9049,0
26.9103,13
26.9104,6
26.9105,0
26.9159,2
26.9159,0
26.9213,12
26.9214,6
26.9215,0
26.9269,15
26.927,3
26.9271,0
26.9325,2
26.9325,0
26.9379,1
26.938,0
26.9434,15
26.9435,11
26.9436,0
26.949,14
26.9491,7
26.9492,0
26.9546,7
26.9547,0
26.9601,2
26.9601,0
26.9656,9
26.9657,0
26.9711,5
26.9711,2
26.9712,0
26.9766,9
26.9767,0
26.9821,14
26.9822,11
26.9823,0
26.9877,15
26.9878,9
26.9879,0
26.9933,13
26.9937,0
26.9991,10
26.9992,8
26.9993,0
27.0101,10
27.0102,4
27.0103,0
27.0157,2
27.0157,0
27.0211,8
27.0212,0
27.0267,13
27.0268,0
27.0322,4
27.0323,3
27.0323,0
27.0377,14
27.0379,0
27.0433,7
27.0434,0
27.0488,9
27.0489,2
27.0489,0
27.0543,2
27.0544,0
27.0598,5
27.0599,0
27.0653,14
27.0654,12
27.0655,0
27.0709,1
27.0709,0
27.0763,1
27.0764,0
27.0818,7
27.0819,0
27.0873,15
27.0874,8
27.0875,0
27.0929,15
27.0934,0
27.0988,9
27.0988,8
27.0989,0
27.1043,7
27.1044,0
27.1098,6
27.1099,0
27.1153,9
27.1154,0
27.1263,13
27.1265,0
27.1319,14
27.132,0
27.1374,5
27.1375,3
27.1375,0
27.1429,4
27.143,0
27.1484,9
27.1485,2
27.1485,0
27.154,3
27.154,0
27.1594,8
27.1595,0
27.165,1
27.165,0
27.1704,6
27.1705,0
27.1759,6
27.176,1
27.176,0
27.1814,1
27.1815,0
27.1869,6
27.187,0
27.1924,10
27.1925,7
27.1925,0
27.1979,4
27.1983,0
27.2037,12
27.2038,0
27.2093,11
27.2094,0
27.2148,6
27.2149,2
27.2149,0
27.2203,15
27.2205,0
27.2259,3
27.226,0
27.2314,7
27.2315,0
27.2369,10
27.2369,9
27.237,0
27.2424,4
27.2425,0
27.2479,4
27.248,3
27.248,0
27.2534,13
27.2536,0
27.259,12
27.2591,0
27.2645,5
27.2646,2
27.2646,0
27.27,12
27.2702,0
27.2756,15
27.2758,0
27.2812,15
27.2812,13
27.2814,0
27.2868,1
27.2868,0
27.2922,11
27.2924,0
27.2978,15
27.2982,0
27.3036,6
27.3037,0
27.3091,2
27.3092,0
27.3146,3
27.3147,0
27.3201,13
27.3202,0
27.3311,15
27.3313,0
27.3421,2
27.3422,0
27.3476,8
27.3477,0
27.3531,15
27.3532,13
27.3533,0
27.3642,9
27.3642,8
27.3643,0
27.3697,11
27.3698,2
27.3698,0
27.3753,14
27.3754,0
27.3808,2
27.3809,0
27.3863,1
27.3864,0
27.3918,10
27.3919,1
27.3919,0
27.3973,2
27.3974,0
27.4028,11
27.4031,10
27.4032,0
27.4086,12
27.4087,5
27.4088,0
27.4142,11
27.4143,0
27.4197,1
27.4198,0
27.4252,4
27.4266,3
27.4268,0
27.427,2
27.427,0
27.4379,6
27.438,0
27.4434,1
27.4435,0
27.4489,14
27.449,0
27.4544,10
27.4545,8
27.4546,0
27.46,15
27.4601,6
27.4602,0
27.4656,10
27.4657,0
27.4711,8
27.4712,0
27.4766,8
27.4767,6
27.4769,0
27.4823,6
27.4824,5
27.4879,0
27.4933,12
27.4934,7
27.4934,0
27.4989,13
27.499,3
27.4992,1
27.4992,0
27.5046,14
27.505,8
27.505,6
27.5105,0
27.5159,15
27.516,9
27.5161,0
27.5215,7
27.5216,1
27.5219,0
27.5329,9
27.533,4
27.533,0
27.5384,11
27.5386,2
27.544,1
27.544,0
27.5494,4
27.5495,0
27.5549,13
27.5551,4
27.5551,0
27.5605,3
27.5606,0
27.566,4
27.5661,0
27.5715,4
27.5715,0
27.577,4
27.577,0
27.5824,14
27.5825,8
27.5826,2
27.5828,0
27.5882,15
27.5883,4
27.5884,0
27.5938,2
27.5938,0
27.6076,13
27.608,12
27.6081,1
27.6082,0
27.6084,15
27.6085,5
27.6085,1
27.614,0
27.6194,7
27.6195,0
27.6249,9
27.625,3
27.6253,1
27.6253,0
27.6308,3
27.6308,0
27.6362,3
27.6363,0
27.6417,10
27.6418,6
27.642,5
27.642,0
27.6475,3
27.6476,0
27.6477,4
27.6478,2
27.6479,0
27.6534,1
27.6534,0
27.6588,15
27.659,1
27.659,0
27.6644,6
27.6645,0
27.6699,12
27.67,5
27.6701,0
27.6755,4
27.6755,0
27.681,13
27.681,8
27.6811,0
27.6865,14
27.6866,6
27.6921,0
27.6976,12
27.6977,3
27.6977,0
27.7031,4
27.7032,0
27.7086,9
27.709,0
27.7144,3
27.7145,0
27.7199,1
27.7199,0
27.7253,6
27.7254,0
27.7309,2
27.7309,0
27.7363,3
27.7364,0
27.7418,7
27.7421,5
27.7423,2
27.7424,0
27.7478,10
27.7478,9
27.7533,6
27.7534,0
27.7642,15
27.7643,5
27.7645,3
27.77,1
27.77,0
27.7754,14
27.7756,0
27.7865,3
27.7865,0
27.7919,14
27.7921,4
27.7921,0
27.7975,4
27.7976,0
27.803,3
27.8031,0
27.8085,8
27.8089,0
27.8143,1
27.8143,0
27.8197,14
27.8199,0
27.8253,10
27.8254,0
27.8309,2
27.8311,1
27.8313,0
27.8369,6
27.837,0
27.8424,7
27.8425,0
27.8479,3
27.848,0
27.8534,11
27.8535,2
27.859,0
27.8644,12
27.8646,0
27.87,2
27.87,0
27.8754,4
27.8755,0
27.8809,1
27.881,0
27.8864,7
27.8865,4
27.8865,0
27.8919,3
27.892,0
27.8974,10
27.8975,3
27.8975,0
27.9029,12
27.9031,0
27.9085,3
27.9086,0
27.914,3
27.9143,1
27.9143,0
27.92,9
27.9201,0
27.9202,9
27.9203,6
27.9203,0
27.9257,8
27.9259,0
27.9313,12
27.9314,0
27.9368,7
27.9369,2
27.9369,1
27.9372,0
27.9426,14
27.9427,9
27.9428,0
27.9482,15
27.9483,7
27.9484,0
27.9538,7
27.9539,0
27.9593,3
27.9594,1
27.9596,0
27.965,8
27.9651,0
27.9652,3
27.9653,0
27.9707,13
27.9707,11
27.9709,0
27.9817,10
27.9818,7
27.9818,0
27.9873,8
27.9874,0
27.9928,1
27.9928,0
27.9982,11
27.9984,0
28.0092,10
28.0094,0
28.0148,8
28.0151,3
28.0153,0
28.0208,15
28.0208,10
28.0209,0
28.0263,12
28.0264,5
28.0265,1
28.0319,0
28.0428,14
28.0429,8
28.043,0
28.0484,1
28.0484,0
28.0538,2
28.0539,0
28.0593,2
28.0594,0
28.0648,15
28.065,0
28.0704,8
28.0705,0
28.0759,8
28.076,2
28.076,0
28.0814,12
28.0816,0
28.087,13
28.0871,0
28.0925,2
28.0926,0
28.098,7
28.0981,0
28.1035,1
28.1036,0
28.1144,14
28.1145,13
28.1146,0
28.1257,10
28.1259,0
28.1313,3
28.1314,0
28.1368,12
28.1369,0
28.1478,6
28.1479,0
28.1533,8
28.1534,3
28.1534,0
28.1642,1
28.1643,0
28.1697,13
28.1698,6
28.1699,0
28.1753,5
28.1754,0
28.1808,13
28.1808,10
28.1809,0
28.1863,4
28.1864,0
28.1918,15
28.192,0
28.1974,13
28.1975,11
28.1976,0
28.203,10
28.2031,4
28.2031,0
28.2085,14
28.2087,0
28.2141,6
28.2142,0
28.2196,6
28.22,0
28.2254,12
28.2255,3
28.2255,0
28.2309,8
28.2311,0
28.2365,3
28.2365,0
28.242,1
28.242,0
28.2474,4
28.2475,0
28.2529,4
28.253,0
28.2584,12
28.2585,0
28.2639,6
28.264,3
28.264,0
28.2694,3
28.2695,0
28.2749,13
28.275,5
28.2751,0
28.2914,14
28.2915,8
28.2916,0
28.297,2
28.297,0
28.3024,15
28.3025,11
28.3026,0
28.308,1
28.3089,0
28.3148,3
28.3149,2
28.3149,0
28.315,4
28.3151,0
28.3153,5
28.3154,0
28.3155,14
28.3156,11
28.3157,0
28.3159,15
28.316,7
28.316,0
28.3162,8
28.3163,0
28.3165,4
28.3165,3
28.3166,0
28.3167,11
28.3169,0
28.317,1
28.3171,0
28.3173,15
28.3174,0
28.3176,2
28.3177,0
28.3178,13
28.318,0
28.3181,4
28.3182,0
28.3184,2
28.3184,0
28.3186,5
28.3187,0
28.3189,9
28.319,2
28.319,0
28.3191,2
28.3192,0
28.3194,15
28.3195,2
28.3195,0
28.3197,11
28.3198,9
28.32,3
28.32,0
28.3205,8
28.3206,0
28.326,15
28.3261,11
28.3261,7
28.3316,6
28.3316,0
28.337,2
28.3371,0
28.3425,9
28.3426,0
28.348,8
28.3481,2
28.3481,0
28.359,2
28.3591,0
28.3645,8
28.3646,2
28.3646,0
28.37,8
28.3701,0
28.3755,9
28.3756,5
28.3756,0
28.3811,13
28.3812,0
28.3921,12
28.3922,0
28.3976,5
28.3977,0
28.4031,6
28.4032,0
28.4086,7
28.4087,6
28.4087,0
28.4141,9
28.4143,0
28.4197,13
28.4198,0
28.4252,1
28.4256,0
28.431,7
28.4311,0
28.4365,6
28.4366,0
28.442,12
28.4421,2
28.4422,0
28.453,15
28.4532,3
28.4532,0
28.4586,11
28.4587,0
28.4642,14
28.4643,0
28.4697,13
28.4698,9
28.4699,0
28.4753,2
28.4754,0
28.4808,12
28.4808,9
28.4809,0
28.4863,10
28.4864,2
28.4865,0
28.4919,8
28.492,0
28.4974,9
28.4975,5
28.4975,0
28.5029,10
28.5031,0
28.5085,9
28.5086,0
28.514,5
28.5141,0
28.5195,6
28.5196,0
28.525,2
28.5253,0
28.5307,7
28.5309,0
28.5363,9
28.5363,4
28.5364,0
28.5418,7
28.5419,0
28.5473,8
28.5474,5
28.5474,0
28.5528,2
28.5529,0
28.5583,4
28.5584,0
28.5638,8
28.5639,0
28.5693,11
28.5694,2
28.5694,0
28.5749,4
28.5749,0
28.5803,1
28.5804,0
28.5913,9
28.5914,0
28.5968,6
28.5969,0
28.6023,8
28.6024,0
28.6078,7
28.6079,0
28.6133,9
28.6135,0
28.6189,11
28.619,5
28.619,0
28.6244,1
28.6245,0
28.6299,2
28.6302,0
28.6356,11
28.6358,0
28.6412,11
28.6413,0
28.6467,3
28.6468,0
28.6522,8
28.6523,0
28.6577,8
28.6578,0
28.6632,2
28.6633,0
28.6687,10
28.6688,0
28.6797,12
28.6799,0
28.6853,8
28.6854,0
28.6908,14
28.6909,4
28.691,0
28.7018,14
28.7019,4
28.702,0
28.7074,10
28.7075,0
28.7129,10
28.7131,0
28.7185,2
28.7185,0
28.7239,3
28.724,1
28.724,0
28.7294,11
28.7296,0
28.735,1
28.7353,0
28.7407,3
28.7408,0
28.7462,3
28.7462,2
28.7463,0
28.7517,8
28.7518,0
28.7572,10
28.7573,6
28.7573,0
28.7627,7
28.7628,0
28.7682,5
28.7683,4
28.7683,0
28.7737,15
28.7739,1
28.7739,0
28.7793,15
28.7795,0
28.7849,12
28.7851,0
28.7905,5
28.7905,2
28.7906,0
28.796,5
28.7961,0
28.8015,1
28.8015,0
28.8069,15
28.807,13
28.8071,0
28.8125,5
28.8126,0
28.818,10
28.8181,0
28.8236,15
28.8236,11
28.8237,0
28.8291,4
28.8292,0
28.8346,8
28.835,0
28.8404,4
28.8405,0
28.8459,5
28.846,0
28.8514,4
28.8515,1
28.8515,0
28.8569,5
28.857,0
28.8624,12
28.8625,4
28.8625,0
28.868,6
28.868,0
28.8735,5
28.8735,1
28.8735,0
28.879,7
28.8791,0
28.8845,3
28.8845,0
28.8899,3
28.89,0
28.8954,10
28.8956,0
28.901,5
28.9011,0
28.9065,1
28.9065,0
28.9119,14
28.912,6
28.9121,0
28.9175,5
28.9176,0
28.923,9
28.9231,6
28.9231,0
28.9285,10
28.9287,0
28.9341,15
28.9342,0
28.9397,13
28.9401,2
28.9401,0
28.9455,15
28.9457,0
28.9511,12
28.9512,0
28.9566,9
28.9567,7
28.9568,0
28.9622,3
28.9622,0
28.9677,8
28.9677,4
28.9678,0
28.9786,8
28.9787,0
28.9842,6
28.9843,0
28.9897,14
28.9898,4
28.9898,0
29.0007,2
29.0007,0
29.0062,10
29.0062,6
29.0063,0
29.0117,14
29.0118,2
29.0119,0
29.0173,2
29.0173,0
29.0227,2
29.0228,0
29.0282,1
29.0283,0
29.0337,11
29.0338,0
29.0392,12
29.0397,0
29.0451,9
29.0451,8
29.0452,0
29.0506,8
29.0507,0
29.0561,9
29.0562,0
29.0616,15
29.0617,8
29.0618,0
29.0672,11
29.0674,2
29.0674,0
29.0728,13
29.0729,0
29.0784,14
29.0785,0
29.0839,3
29.084,1
29.084,0
29.0894,12
29.0896,0
29.095,12
29.095,11
29.0951,0
29.1005,10
29.1006,3
29.1007,0
29.1061,6
29.1062,0
29.1116,4
29.1117,0
29.1171,3
29.1171,0
29.1225,1
29.1226,0
29.128,10
29.1281,3
29.1281,0
29.1335,10
29.1337,0
29.1391,1
29.1391,0
29.1503,15
29.1503,11
29.1504,0
29.1613,2
29.1614,0
29.1668,13
29.1669,0
29.1723,11
29.1724,9
29.1725,0
29.1779,12
29.178,4
29.178,0
29.1835,8
29.1836,0
29.189,6
29.189,4
29.1891,0
29.1945,2
29.1945,0
29.2,11
29.2001,3
29.2001,0
29.2055,2
29.2056,0
29.2164,15
29.2165,9
29.2166,0
29.222,6
29.2221,0
29.2275,15
29.2277,0
29.2331,8
29.2331,7
29.2332,0
29.2441,8
29.2445,0
29.2499,7
29.25,1
29.25,0
29.2554,4
29.2555,0
29.2609,5
29.261,0
29.2664,12
29.2665,0
29.2719,10
29.272,4
29.2721,0
29.2775,14
29.2776,8
29.2777,0
29.2778,10
29.278,0
29.2834,10
29.2835,0
29.2889,14
29.289,6
29.2891,0
29.2945,8
29.2946,0
29.3,1
29.3001,0
29.3055,15
29.3057,0
29.3111,7
29.3112,0
29.3166,2
29.3166,0
29.3221,9
29.3221,7
29.3222,0
29.3276,15
29.3277,4
29.3278,0
29.3332,3
29.3332,0
29.3386,11
29.3387,4
29.3388,0
29.3442,8
29.3445,5
29.3446,0
29.35,5
29.3501,0
29.3555,11
29.3556,7
29.3556,0
29.3665,1
29.3666,0
29.372,9
29.372,7
29.3721,0
29.3775,3
29.3776,0
29.383,7
29.383,3
29.3831,0
29.3885,1
29.3885,0
29.3939,4
29.394,0
29.3994,1
29.3995,0
29.4049,11
29.405,0
29.4104,3
29.4105,0
29.4159,11
29.4161,0
29.4215,7
29.4216,2
29.4216,0
29.427,4
29.4271,0
29.4325,6
29.4326,0
29.438,15
29.4382,0
29.4436,12
29.4436,11
29.4437,0
29.4491,3
29.4495,0
29.4549,15
29.455,5
29.4551,0
29.4605,15
29.4606,3
29.4606,0
29.4661,13
29.4662,0
29.4716,3
29.4717,0
29.4771,4
29.4772,0
29.488,5
29.4881,3
29.4881,0
29.4935,8
29.4936,0
29.4991,8
29.4991,5
29.4992,0
29.5046,15
29.5047,3
29.5048,0
29.5102,1
29.5102,0
29.5156,7
29.5157,0
29.5211,15
29.5213,0
29.5267,7
29.5268,5
29.5268,0
29.5322,2
29.5323,0
29.5377,5
29.5378,0
29.5432,13
29.5434,0
29.5488,5
29.5488,3
29.5492,0
29.56,11
29.5602,0
29.5656,5
29.5657,0
29.5711,5
29.5711,0
29.5766,9
29.5767,0
29.5821,14
29.5823,0
29.5877,4
29.5877,3
29.5877,0
29.5932,14
29.5933,0
29.5987,3
29.5988,0
29.6042,12
29.6044,0
29.6098,4
29.6098,0
29.6153,13
29.6154,3
29.6154,0
29.6208,2
29.6209,0
29.6263,11
29.6264,2
29.6264,0
29.6318,8
29.632,0
29.6428,5
29.6429,0
29.6483,10
29.6484,0
29.6539,1
29.6542,0
29.665,8
29.6651,6
29.6652,0
29.6706,4
29.6706,0
29.6761,2
29.6761,0
29.6815,8
29.6816,0
29.687,15
29.6872,7
29.6872,0
29.6926,6
29.6927,0
29.6981,4
29.6982,3
29.6982,0
29.7036,13
29.7038,0
29.7092,15
29.7094,0
29.7148,12
29.7149,0
29.7203,2
29.7204,0
29.7258,8
29.7259,0
29.7313,11
29.7314,2
29.7315,0
29.7369,8
29.737,0
29.7424,13
29.7425,9
29.7426,0
29.748,4
29.748,0
29.7589,1
29.7592,0
29.7646,15
29.7647,11
29.7648,0
29.7702,14
29.7703,8
29.7704,0
29.7758,10
29.7759,1
29.7759,0
29.7814,15
29.7815,0
29.7869,9
29.7871,0
29.7925,12
29.7926,5
29.7926,0
29.798,15
29.7982,3
29.7982,0
29.8036,15
29.8038,1
29.8038,0
29.8092,5
29.8093,0
29.8147,15
29.8148,7
29.8149,0
29.8203,9
29.8204,0
29.8258,4
29.8259,0
29.8313,6
29.8314,0
29.8368,14
29.8369,12
29.837,0
29.8424,9
29.8425,3
29.8425,0
29.8479,5
29.848,0
29.8534,5
29.8535,0
29.8589,10
29.8593,2
29.8593,0
29.8702,1
29.8702,0
29.8756,4
29.8757,0
29.8811,5
29.8812,0
29.8866,2
29.8867,0
29.8921,1
29.8921,0
29.8976,14
29.8976,12
29.8977,0
29.9031,10
29.9032,4
29.9033,0
29.9087,10
29.9088,0
29.9142,1
29.9143,0
29.9197,2
29.9197,0
29.9251,13
29.9253,2
29.9253,0
29.9307,11
29.9309,0
29.9363,8
29.9363,7
29.9364,0
29.9418,7
29.9419,0
29.9473,9
29.9474,0
29.9528,12
29.9529,4
29.953,0
29.9641,10
29.9643,0
29.9697,13
29.9698,8
29.9698,0
29.9752,13
29.9754,4
29.9754,0
29.9863,2
29.9863,0
29.9917,4
29.9918,0
29.9972,2
29.9973,0
30.0027,4
30.0028,0
30.0136,15
30.0137,13
30.0138,0
30.0192,3
30.0193,0
30.0301,9
30.0303,0
30.0357,9
30.0357,6
30.0358,0
30.0412,8
30.0427,7
30.0427,1
30.0429,0
30.0483,4
30.0484,0
30.0592,15
30.0593,14
30.0594,6
30.0743,0
30.0798,14
30.0799,8
30.0799,0
30.0853,11
30.0857,8
30.0911,6
30.0912,0
30.0966,7
30.0967,5
30.0967,0
30.1021,2
30.1022,0
30.1076,6
30.1077,0
30.1131,13
30.1133,0
30.1187,12
30.1187,10
30.1188,3
30.119,0
30.1245,9
30.1245,7
30.1247,6
30.1247,3
30.1302,0
30.1304,4
30.1304,0
30.1358,9
30.1359,5
30.136,0
30.1414,8
30.1414,7
30.1416,6
30.1471,0
30.1525,3
30.1526,0
30.158,12
30.1581,11
30.1583,1
30.1638,0
30.1695,2
30.1695,0
30.1749,1
30.175,0
30.1804,9
30.1805,3
30.1808,2
30.1808,0
30.1862,8
30.1863,0
30.1917,9
30.1918,5
30.1919,0
30.1973,14
30.1974,2
30.1974,0
30.2083,15
30.2084,3
30.2085,0
30.2139,3
30.214,0
30.2194,8
30.2195,0
30.2249,13
30.225,0
30.2305,2
30.2305,1
30.2305,0
30.2359,6
30.236,0
30.2414,2
30.2415,0
30.2469,3
30.247,2
30.247,0
30.2526,4
30.2526,0
30.258,14
30.2582,4
30.2582,0
30.2636,1
30.2637,0
30.2757,5
30.2757,2
30.2758,0
30.2812,3
30.2812,0
30.2866,3
30.2867,0
30.2921,11
30.2922,9
30.2922,5
30.2925,4
30.2927,0
30.3036,7
30.3037,1
30.3039,0
30.3041,8
30.3041,4
30.3042,0
30.3096,13
30.3098,0
30.3152,3
30.3152,0
30.3206,3
30.3207,0
30.3261,11
30.3262,6
30.3262,1
30.3366,0
30.342,9
30.3421,1
30.3424,0
30.3478,6
30.3479,1
30.3479,0
30.3533,13
30.3534,3
30.3589,0
30.3644,5
30.3645,0
30.3646,9
30.3647,3
30.3647,0
30.3701,14
30.3705,10
30.3706,0
30.3762,2
30.3762,0
30.3816,14
30.3817,11
30.3818,0
30.3872,15
30.3873,13
30.3931,5
30.3933,2
30.3933,0
30.3987,6
30.3988,0
30.4042,1
30.4043,0
30.4097,15
30.4097,13
30.4099,0
30.4153,4
30.4154,0
30.4208,1
30.4208,0
30.4262,5
30.4263,0
30.4317,15
30.4318,10
30.4319,0
30.4373,2
30.4374,0
30.4428,14
30.4428,12
30.4429,0
30.4484,9
30.4484,4
30.4485,0
30.4539,13
30.454,0
30.4595,3
30.4595,0
30.4649,3
30.465,0
30.4704,13
30.4709,0
30.4763,4
30.4763,0
30.4817,14
30.4819,2
30.4819,0
30.4873,15
30.4875,0
30.4929,5
30.493,0
30.5039,4
30.5039,0
30.5093,14
30.5095,0
30.5149,10
30.515,8
30.5151,0
30.5205,2
30.5205,0
30.5259,7
30.526,3
30.526,0
30.5314,6
30.5315,0
30.537,2
30.537,0
30.5424,10
30.5426,0
30.548,7
30.5481,0
30.5535,12
30.5536,0
30.559,6
30.5591,4
30.5591,0
30.5645,13
30.5647,0
30.5701,9
30.5702,0
30.5756,13
30.5761,0
30.5815,9
30.5816,0
30.587,11
30.5871,3
30.5872,0
30.5926,9
30.5927,0
30.5981,2
30.5982,0
30.6036,10
30.6037,0
30.6091,10
30.6092,6
30.6092,0
30.6147,4
30.6147,0
30.6201,3
30.6202,0
30.6256,11
30.6258,0
30.6366,12
30.6368,0
30.6422,15
30.6423,9
30.6424,0
30.6478,15
30.6479,7
30.6479,0
30.6534,6
30.6534,0
30.6589,14
30.6589,13
30.659,0
30.6644,9
30.6645,5
30.6646,0
30.67,14
30.6701,1
30.6701,0
30.6755,2
30.6759,0
30.6813,9
30.6814,0
30.6868,6
30.6869,0
30.6924,4
30.6925,0
30.6926,8
30.6927,0
30.709,4
30.7091,0
30.7145,6
30.7146,1
30.7146,0
30.7255,12
30.7256,0
30.731,15
30.7312,0
30.7421,1
30.7421,0
30.7475,11
30.7477,0
30.7531,12
30.7532,0
30.775,1
30.775,0
30.7805,9
30.7809,0
30.7863,6
30.7864,0
30.7918,8
30.7919,0
30.7973,8
30.7974,0
30.8028,5
30.8029,0
30.8083,7
30.8084,0
30.8138,15
30.814,0
30.8194,8
30.8195,7
30.8195,0
30.8249,11
30.8251,1
30.8251,0
30.8305,5
30.8306,0
30.836,8
30.8361,0
30.8415,11
30.8416,0
30.8471,12
30.8471,9
30.8472,0
30.8526,7
30.8527,0
30.8581,12
30.8583,0
30.8637,2
30.8637,0
30.8692,7
30.8693,0
30.8747,13
30.8748,5
30.8748,0
30.8802,5
30.8806,3
30.8806,0
30.886,11
30.8862,0
30.8916,14
30.8917,0
30.8971,2
30.8972,0
30.9026,4
30.9027,0
30.9081,10
30.9082,0
30.9136,9
30.9138,0
30.9192,2
30.9192,0
30.9246,12
30.9247,11
30.9248,0
30.9357,8
30.9357,5
30.9358,0
30.9412,8
30.9413,0
30.9467,8
30.9467,7
30.9468,0
30.9522,15
30.9524,5
30.9524,0
30.9578,1
30.9579,0
30.9633,4
30.9633,0
30.9688,1
30.9688,0
30.9742,15
30.9744,0
30.9798,4
30.9799,0
30.9853,2
30.9856,0
30.991,2
30.9911,0
30.9965,7
30.9966,0
31.002,6
31.0021,5
31.0021,0
31.0075,9
31.0076,0
31.0131,9
31.0132,0
31.0186,7
31.0187,0
31.0241,2
31.0242,0
31.0296,9
31.0297,0
31.0351,1
31.0352,0
31.0406,5
31.0407,0
31.0461,5
31.0461,0
31.0516,1
31.0516,0
31.057,2
31.0571,0
31.0625,10
31.0626,0
31.068,7
31.0681,0
31.079,4
31.0791,0
31.0845,10
31.0847,0
31.0848,13
31.0852,0
31.0907,5
31.0907,0
31.1016,5
31.1017,0
31.1071,1
31.1072,0
31.1126,3
31.1126,0
31.1181,14
31.1183,0
31.1184,9
31.1185,1
31.1185,0
31.1294,8
31.1295,0
31.1349,4
31.135,3
31.135,0
31.1404,13
31.1406,0
31.1514,15
31.1516,0
31.157,1
31.1571,0
31.1625,7
31.1626,0
31.168,14
31.168,11
31.1681,0
31.1736,3
31.1736,0
31.179,15
31.1792,0
31.1846,14
31.1847,12
31.1848,0
31.1902,4
31.1906,0
31.196,15
31.1961,6
31.1961,0
31.2016,10
31.2017,0
31.2071,6
31.2072,0
31.2126,10
31.2127,1
31.2127,0
31.2181,15
31.2183,0
31.2237,3
31.2238,0
31.2292,1
31.2293,0
31.2347,13
31.2348,5
31.2348,0
31.2402,14
31.2404,2
31.2404,0
31.2458,9
31.2459,0
31.2513,5
31.2514,2
31.2514,0
31.2568,14
31.257,0
31.2624,11
31.2626,0
31.2734,10
31.2735,9
31.2735,0
31.279,2
31.279,0
31.2844,12
31.2845,9
31.2846,0
31.29,6
31.2904,0
31.2958,2
31.2958,0
31.3012,5
31.3013,1
31.3013,0
31.3067,7
31.3068,0
31.3122,6
31.3123,0
31.3178,6
31.3179,0
31.3233,4
31.3233,0
31.3287,11
31.3288,10
31.3289,0
31.3343,10
31.3344,3
31.3344,0
31.3398,15
31.34,1
31.34,0
31.3454,14
31.3456,0
31.351,9
31.3511,0
31.3565,5
31.3566,0
31.362,11
31.3622,0
31.3676,15
31.3677,9
31.3678,0
31.3732,9
31.3733,1
31.3733,0
31.3787,6
31.3788,0
31.3842,5
31.3843,0
31.3897,6
31.3898,0
31.3952,9
31.3956,0
31.401,15
31.4011,7
31.4012,0
31.4066,5
31.4067,0
31.4175,9
31.4177,0
31.4231,5
31.4232,0
31.4286,3
31.4286,0
31.4341,13
31.4342,0
31.4396,9
31.4397,0
31.4452,2
31.4452,0
31.4506,12
31.4508,0
31.4562,6
31.4563,1
31.4563,0
31.4617,2
31.4617,0
31.4672,2
31.4672,0
31.4726,13
31.4727,8
31.4728,0
31.4782,12
31.4783,2
31.4783,0
31.4838,7
31.4839,0
31.4893,4
31.4893,0
31.4948,4
31.4951,0
31.5005,12
31.5007,0
31.5061,5
31.5062,0
31.5116,11
31.5117,0
31.5171,11
31.5172,7
31.5173,0
31.5227,7
31.5228,0
31.5282,12
31.5283,0
31.5337,2
31.5338,0
31.5392,14
31.5394,0
31.5502,15
31.5504,0
31.5558,3
31.5559,1
31.5559,0
31.5613,2
31.5614,0
31.5668,7
31.5669,0
31.5723,9
31.5724,0
31.5778,12
31.5779,3
31.578,0
31.5834,13
31.5835,0
31.589,13
31.5891,0
31.5945,7
31.5946,5
31.5946,0
31.6,9
31.6004,7
31.6004,0
31.6058,11
31.606,1
31.606,0
31.6114,1
31.6114,0
31.6169,3
31.6169,0
31.6223,14
31.6224,8
31.6225,0
31.6279,2
31.628,0
31.6334,9
31.6335,5
31.6335,0
31.6389,1
31.639,0
31.6444,8
31.6445,0
31.6499,3
31.65,0
31.6554,4
31.6555,0
31.6609,3
31.661,0
31.6611,11
31.6613,0
31.6667,7
31.6667,6
31.6668,0
31.6722,4
31.6723,0
31.6777,8
31.6778,4
31.6778,0
31.6832,10
31.6833,0
31.6888,13
31.689,0
31.6946,2
31.6946,0
31.7,10
31.7004,7
31.7004,0
31.7058,8
31.706,0
31.7114,5
31.7115,0
31.7169,4
31.7169,0
31.7224,7
31.7224,3
31.7225,0
31.7279,4
31.7279,0
31.7334,5
31.7334,0
31.7389,12
31.739,0
31.7444,12
31.7445,8
31.7446,0
31.75,13
31.7501,4
31.7501,0
31.7555,9
31.7557,0
31.7611,15
31.7611,14
31.7612,0
31.7667,5
31.7667,2
31.7667,0
31.7722,10
31.7723,0
31.7777,13
31.7778,11
31.7779,0
31.7833,8
31.7834,1
31.7834,0
31.7888,10
31.7889,0
31.7943,5
31.7944,2
31.7944,0
31.8053,1
31.8056,0
31.811,6
31.8111,0
31.8165,12
31.8166,4
31.8167,0
31.8221,8
31.8222,0
31.8276,14
31.8277,12
31.8278,0
31.8332,4
31.8333,0
31.8387,6
31.8388,0
31.8442,15
31.8443,6
31.8443,0
31.8498,6
31.8499,0
31.8553,5
31.8553,3
31.8553,0
31.8608,11
31.8609,0
31.8663,6
31.8664,0
31.8718,6
31.8719,0
31.8773,3
31.8774,1
31.8774,0
31.8828,7
31.8829,0
31.8883,14
31.8884,8
31.8885,0
31.8939,8
31.894,5
31.8941,0
31.8942,8
31.8943,0
31.8997,11
31.8998,6
31.8999,0
31.9053,4
31.9056,3
31.9056,0
31.911,13
31.9112,0
31.9221,2
31.9221,0
31.9275,10
31.9277,0
31.9331,15
31.9332,0
31.9387,1
31.9387,0
31.9441,12
31.9443,0
31.9497,3
31.9497,0
31.9552,11
31.9553,0
31.9607,8
31.9608,0
31.9662,15
31.9663,6
31.9664,0
31.9718,14
31.972,3
31.972,0
31.9774,1
31.9774,0
31.9828,3
31.9829,0
31.9883,5
31.9884,1
31.9884,0
31.9938,3
31.9939,0
31.9993,15
31.9994,5
31.9995,0
32.0049,14
32.005,2
32.0051,0
32.0105,6
32.0108,1
32.0108,0
32.0163,7
32.0164,0
32.0218,8
32.0219,2
32.0219,0
32.0327,3
32.0328,0
32.0382,11
32.0383,5
32.0384,0
32.0438,12
32.0439,0
32.0493,3
32.0494,0
32.0548,9
32.0549,0
32.0603,2
32.0604,0
32.0658,14
32.066,0
32.0714,15
32.0716,0
32.077,8
32.0771,0
32.0825,11
32.0826,3
32.0826,0
32.088,6
32.0881,0
32.0935,11
32.0936,6
32.0937,0
32.0991,5
32.0992,0
32.1046,4
32.1047,1
32.1047,0
32.1101,2
32.1104,0
32.1158,2
32.1159,1
32.1159,0
32.1213,1
32.1213,0
32.1268,14
32.1269,2
32.1269,0
32.1323,13
32.1325,0
32.1379,1
32.138,0
32.1434,3
32.1434,0
32.1488,6
32.1489,0
32.1543,7
32.1545,0
32.1599,13
32.16,3
32.16,0
32.1654,10
32.1656,0
32.171,15
32.171,14
32.1711,0
32.1766,3
32.1766,0
32.182,7
32.1821,0
32.1875,10
32.1876,3
32.1877,0
32.1985,8
32.1987,0
32.2041,9
32.2042,0
32.2096,7
32.2097,0
32.2151,10
32.2155,2
32.2155,0
32.2209,15
32.2211,0
32.2265,10
32.2266,0
32.2321,14
32.2321,10
32.2322,0
32.2376,7
32.2377,0
32.2431,13
32.2433,0
32.2487,3
32.2488,2
32.2488,0
32.2542,3
32.2543,0
32.2597,1
32.2597,0
32.2651,3
32.2652,0
32.2706,2
32.2707,0
32.2761,5
32.2762,0
32.2816,2
32.2816,0
32.2925,1
32.2925,0
32.298,8
32.2981,0
32.3035,12
32.3035,10
32.3036,0
32.309,6
32.3091,0
32.3145,12
32.3149,4
32.315,0
32.3204,3
32.3205,0
32.3259,13
32.326,6
32.326,0
32.3314,8
32.3315,0
32.337,4
32.337,0
32.3424,4
32.3425,0
32.3479,15
32.348,9
32.3481,0
32.3535,4
32.3536,0
32.3644,4
32.3645,0
32.3699,14
32.3701,3
32.3701,0
32.3755,6
32.3756,0
32.381,1
32.3811,0
32.3865,1
32.3865,0
32.3974,10
32.3975,0
32.4029,13
32.4045,3
32.4045,0
32.4099,10
32.41,0
32.4154,2
32.4155,1
32.4157,0
32.4211,12
32.4215,5
32.4215,0
32.4269,15
32.4271,2
32.4271,0
32.438,8
32.4381,0
32.4435,14
32.4438,12
32.4493,7
32.4493,6
32.4493,5
32.4496,0
32.455,11
32.4551,0
32.4605,12
32.4607,0
32.4661,10
32.4661,8
32.4716,6
32.4717,0
32.4771,15
32.4771,12
32.4774,8
32.4774,7
32.4828,5
32.4829,0
32.4883,12
32.4884,5
32.4884,0
32.4938,2
32.4939,0
32.4993,11
32.4994,4
32.4995,0
32.5049,6
32.5049,5
32.5051,1
32.5106,0
32.516,6
32.516,4
32.5161,0
32.522,12
32.5222,0
32.533,5
32.5331,0
32.5385,1
32.5386,0
32.544,14
32.5441,7
32.5442,0
32.5496,3
32.5496,0
32.555,9
32.5551,5
32.5552,0
32.5606,4
32.5607,0
32.5661,12
32.5661,7
32.5662,0
32.5716,9
32.5717,0
32.5772,2
32.5772,0
32.5826,13
32.5828,0
32.5882,7
32.5883,0
32.5937,8
32.5938,1
32.5938,0
32.5992,10
32.5994,0
32.6048,3
32.6048,0
32.6102,12
32.6104,0
32.6158,11
32.6159,9
32.6159,0
32.6214,5
32.6217,0
32.6271,1
32.6272,0
32.6326,5
32.6327,0
32.6381,11
32.6382,0
32.6436,10
32.6437,6
32.6438,0
32.6492,12
32.6493,1
32.6493,0
32.6547,13
32.6549,0
32.6658,14
32.6659,0
32.6713,8
32.6714,0
32.6769,1
32.6769,0
32.6823,5
32.6824,0
32.6878,1
32.6879,0
32.6933,8
32.6934,0
32.6988,9
32.6988,8
32.6989,0
32.7098,12
32.7099,6
32.7099,0
32.7153,10
32.7155,0
32.7209,13
32.721,0
32.7264,3
32.7268,0
32.7377,4
32.7377,1
32.7377,0
32.7431,7
32.7433,0
32.7487,12
32.7488,6
32.7488,0
32.7542,5
32.7543,0
32.7597,12
32.7598,9
32.7599,0
32.7653,1
32.7653,0
32.7707,11
32.7708,7
32.7709,0
32.7763,14
32.7764,3
32.7765,0
32.7819,6
32.782,0
32.7874,15
32.7874,10
32.7875,0
32.793,11
32.7931,4
32.7931,0
32.7985,5
32.7986,0
32.804,4
32.8041,0
32.8095,3
32.8096,0
32.815,11
32.8151,0
32.8205,6
32.8206,0
32.826,13
32.8265,0
32.8319,1
32.8319,0
32.8428,14
32.8429,0
32.8484,12
32.8485,0
32.8539,1
32.854,0
32.8594,14
32.8595,0
32.865,13
32.865,10
32.8651,0
32.8705,1
32.8706,0
32.876,15
32.876,12
32.8762,0
32.8816,6
32.8816,1
32.8817,0
32.8871,1
32.8871,0
32.8925,2
32.8926,0
32.898,11
32.8981,4
32.8981,0
32.9035,2
32.9036,0
32.909,6
32.9091,0
32.9145,3
32.9146,0
32.92,2
32.9212,0
32.932,4
32.9324,0
32.9379,14
32.9379,13
32.938,0
32.9382,3
32.9382,0
32.9436,3
32.9437,1
32.9437,0
32.9492,3
32.9493,0
32.9494,15
32.9495,10
32.9496,0
32.9498,9
32.9499,1
32.9499,0
32.95,9
32.9502,0
32.9503,12
32.9504,5
32.9505,0
32.9506,8
32.9508,0
32.9509,6
32.951,3
32.951,0
32.9512,6
32.9513,0
32.9514,5
32.9515,0
32.9517,8
32.9518,0
32.952,11
32.9521,0
32.9523,10
32.9524,0
32.9526,13
32.9527,7
32.9527,0
32.9529,7
32.953,0
32.9534,10
32.9535,0
32.9537,1
32.9537,0
32.9539,11
32.954,5
32.954,0
32.9542,14
32.9544,1
32.9544,0
32.9545,1
32.9546,0
32.9547,13
32.9549,0
32.9603,10
32.9603,9
32.9604,0
32.9658,5
32.9659,0
32.9713,6
32.9714,0
32.9823,6
32.9824,0
32.9878,3
32.9879,0
32.9933,11
32.9934,0
32.9988,7
32.9989,0
33.0043,13
33.0044,4
33.0045,0
33.0099,7
33.01,0
33.0154,9
33.0155,6
33.0155,0
33.0209,2
33.021,0
33.0264,5
33.0265,0
33.0319,12
33.0323,4
33.0323,0
33.0377,5
33.0378,0
33.0487,3
33.0487,2
33.0488,0
33.0542,6
33.0543,0
33.0597,2
33.0597,0
33.0651,2
33.0652,1
33.0652,0
33.0706,13
33.0708,0
33.0762,13
33.0763,0
33.0818,4
33.0818,0
33.0872,8
33.0874,0
33.0928,10
33.0929,4
33.0929,0
33.0983,14
33.0985,0
33.1039,13
33.104,0
33.1094,11
33.1095,10
33.1096,0
33.1204,12
33.1205,9
33.1206,0
33.126,14
33.1261,5
33.1262,0
33.1316,3
33.1317,0
33.1371,11
33.1375,0
33.1429,3
33.1429,1
33.143,0
33.1484,1
33.1484,0
33.1538,6
33.1539,0
33.1593,2
33.1594,0
33.1648,8
33.1649,0
33.1703,9
33.1704,3
33.1705,0
33.1759,8
33.176,0
33.1814,2
33.1814,0
33.1869,12
33.187,0
33.1979,4
33.1979,0
33.2034,1
33.2034,0
33.2088,14
33.2089,5
33.209,0
33.2144,5
33.2145,0
33.2199,15
33.22,11
33.2201,0
33.2255,7
33.2256,1
33.2256,0
33.231,6
33.2311,0
33.2365,12
33.2369,0
33.2423,2
33.2424,0
33.2478,12
33.2479,0
33.2534,3
33.2534,1
33.2534,0
33.2588,15
33.259,0
33.2644,11
33.2646,0
33.27,15
33.27,11
33.2701,0
33.2756,9
33.2757,2
33.2757,0
33.2811,15
33.2813,0
33.2867,3
33.2867,0
33.2922,3
33.2922,0
33.2976,9
33.2977,4
33.2978,0
33.3032,15
33.3033,2
33.3033,0
33.3087,5
33.3088,0
33.3142,10
33.3143,3
33.3144,0
33.3198,11
33.3199,0
33.3253,10
33.3255,0
33.3309,6
33.331,0
33.3418,11
33.3422,6
33.3423,0
33.3477,5
33.3478,0
33.3532,2
33.3532,0
33.3586,6
33.3587,0
33.3641,13
33.3643,4
33.3643,0
33.3697,2
33.3698,0
33.3752,8
33.3753,0
33.3807,4
33.3808,0
33.3862,13
33.3863,3
33.3863,0
33.3917,7
33.3919,0
33.3973,1
33.3973,0
33.4027,7
33.4028,0
33.4082,11
33.4084,1
33.4084,0
33.4138,9
33.4139,0
33.4193,9
33.4194,5
33.4194,0
33.4249,14
33.425,9
33.4251,0
33.4252,12
33.4254,0
33.4308,11
33.4309,0
33.4363,2
33.4364,0
33.4418,12
33.4422,4
33.4422,0
33.4476,13
33.4478,0
33.4532,9
33.4533,0
33.4642,4
33.4642,2
33.4643,0
33.4697,5
33.4698,0
33.4752,9
33.4753,8
33.4754,0
33.4755,9
33.4756,0
33.481,12
33.4812,0
33.4866,14
33.4867,8
33.4868,0
33.4976,1
33.4977,0
33.5031,8
33.5031,7
33.5032,0
33.5086,11
33.5087,0
33.5141,6
33.5142,0
33.5197,8
33.5198,0
33.5252,4
33.5253,0
33.5307,11
33.5308,8
33.5309,0
33.531,12
33.5312,0
33.5366,6
33.5367,0
33.5475,10
33.5479,0
33.5533,12
33.5534,9
33.5535,0
33.5589,10
33.559,2
33.559,0
33.5699,11
33.57,0
33.5754,8
33.5756,0
33.581,12
33.5811,5
33.5811,0
33.5865,14
33.5867,2
33.5867,0
33.5921,15
33.5923,0
33.5977,12
33.5978,0
33.6032,11
33.6033,8
33.6034,0
33.6088,11
33.6089,2
33.6089,0
33.6143,2
33.6144,0
33.6198,12
33.6199,2
33.62,0
33.6254,8
33.6255,0
33.6309,8
33.631,4
33.631,0
33.6364,15
33.6366,2
33.6366,0
33.642,9
33.6421,0
33.6475,13
33.648,0
33.6534,15
33.6536,0
33.659,5
33.6591,0
33.6645,12
33.6646,0
33.67,3
33.6701,0
33.6755,14
33.6756,3
33.6757,0
33.6811,9
33.6812,0
33.6921,11
33.6923,0
33.6924,14
33.6925,12
33.6926,0
33.698,11
33.6981,5
33.6981,0
33.7035,1
33.7036,0
33.709,11
33.7091,3
33.7091,0
33.7145,6
33.7146,0
33.7201,11
33.7201,7
33.7202,0
33.7256,3
33.7257,0
33.7311,13
33.7312,9
33.7312,0
33.7366,10
33.7368,1
33.7368,0
33.7422,12
33.7423,0
33.7477,14
33.7482,3
33.7482,0
33.7536,11
33.7537,0
33.7592,3
33.7592,0
33.7646,9
33.7648,0
33.7702,2
33.7702,0
33.7756,1
33.7757,0
33.7811,13
33.7813,0
33.7867,12
33.7868,0
33.7922,6
33.7923,4
33.7923,0
33.7977,2
33.7978,0
33.8032,8
33.8033,0
33.8087,13
33.8089,0
33.8143,5
33.8143,4
33.8144,0
33.8198,10
33.8199,0
33.8253,7
33.8254,0
33.8308,15
33.831,5
33.831,0
33.8364,9
33.8365,0
33.842,11
33.8421,0
33.8475,6
33.8476,0
33.853,6
33.8534,0
33.8588,5
33.8589,0
33.8643,6
33.8644,0
33.8698,12
33.8698,11
33.8699,0
33.8754,15
33.8755,9
33.8755,0
33.8809,3
33.881,0
33.8919,11
33.892,0
33.8974,2
33.8975,0
33.9029,7
33.903,0
33.9084,6
33.9085,0
33.9139,7
33.914,6
33.914,0
33.9194,11
33.9196,0
33.925,9
33.9251,0
33.936,6
33.936,4
33.9361,0
33.9415,2
33.9415,0
33.9469,14
33.947,6
33.9471,0
33.9525,13
33.9528,12
33.9529,0
33.9584,1
33.9584,0
33.9693,10
33.9694,0
33.9748,8
33.9749,3
33.9749,0
33.9803,8
33.9804,0
33.9859,8
33.9859,5
33.986,0
33.9914,1
33.9914,0
33.9968,2
33.9969,0
34.0023,7
34.0024,5
34.0024,0
34.0078,14
34.008,1
34.008,0
34.0134,8
34.0135,0
34.0189,7
34.019,2
34.019,0
34.0244,5
34.0245,0
34.0299,8
34.03,1
34.03,0
34.0355,12
34.0356,0
34.041,5
34.0411,4
34.0411,0
34.0465,14
34.0467,1
34.0467,0
34.0521,9
34.0522,0
34.0576,15
34.0581,1
34.0581,0
34.0635,10
34.0636,0
34.069,13
34.0691,10
34.0692,0
34.0746,9
34.0747,1
34.0747,0
34.0801,15
34.0803,0
34.0857,14
34.0859,0
34.0913,11
34.0913,10
34.0914,0
34.0968,5
34.0969,0
34.1023,4
34.1024,0
34.1078,9
34.1079,0
34.1134,14
34.1135,0
34.1189,13
34.119,10
34.1191,0
34.1245,5
34.1246,0
34.13,3
34.1301,0
34.1355,1
34.1355,0
34.1409,5
34.141,0
34.1464,14
34.1465,13
34.1466,0
34.152,6
34.1521,2
34.1521,0
34.1687,12
34.1688,0
34.1743,2
34.1743,0
34.1797,10
34.1799,0
34.1853,5
34.1854,0
34.1908,14
34.1909,0
34.1963,7
34.1964,0
34.2019,13
34.202,2
34.202,0
34.2074,13
34.2076,0
34.213,7
34.2131,0
34.2185,5
34.2186,0
34.224,4
34.224,3
34.2241,0
34.2295,14
34.2296,0
34.2351,2
34.2351,0
34.2405,4
34.2406,0
34.246,4
34.2461,0
34.2515,14
34.2517,0
34.2571,9
34.2571,8
34.2572,0
34.2626,15
34.2631,0
34.2685,5
34.2685,4
34.2686,0
34.274,9
34.2741,0
34.2795,4
34.2796,3
34.2796,0
34.285,4
34.2851,0
34.2905,12
34.2906,5
34.2906,0
34.296,9
34.2962,0
34.3016,13
34.3017,0
34.3071,4
34.3072,0
34.3127,9
34.3128,0
34.313,14
34.313,12
34.3131,0
34.3185,2
34.3186,0
34.324,4
34.3241,0
34.3295,8
34.3296,0
34.335,3
34.3351,1
34.3351,0
34.3405,3
34.3406,0
34.3514,5
34.3515,0
34.3569,3
34.357,0
34.3624,1
34.3627,0
34.3681,2
34.3682,0
34.3736,12
34.3737,0
34.3792,4
34.3792,0
34.3846,7
34.3848,0
34.3902,10
34.3902,9
34.3903,0
34.3957,12
34.3958,4
34.3959,0
34.4013,10
34.4014,0
34.4068,6
34.4069,0
34.4123,14
34.4124,2
34.4125,0
34.4179,9
34.418,0
34.4234,15
34.4235,12
34.4236,0
34.429,2
34.4291,0
34.4345,15
34.4346,0
34.4401,15
34.4401,13
34.4402,0
34.4456,9
34.4457,5
34.4458,0
34.4512,3
34.4512,0
34.4567,4
34.4567,0
34.4621,2
34.4622,0
34.4676,1
34.4679,0
34.4733,9
34.4735,0
34.4789,2
34.4789,0
34.4843,8
34.4844,6
34.4845,0
34.4899,7
34.49,0
34.4954,12
34.4954,11
34.4955,0
34.5009,13
34.501,6
34.5011,0
34.5065,3
34.5066,0
34.512,2
34.5121,0
34.5175,5
34.5189,3
34.5191,0
34.5245,1
34.5246,0
34.53,8
34.5301,0
34.5355,9
34.5359,0
34.5413,14
34.5414,9
34.5415,0
34.5469,5
34.547,0
34.5537,8
34.5538,5
34.5538,0
34.5541,14
34.5542,9
34.5605,6
34.5607,1
34.5663,0
34.5718,6
34.5721,2
34.5778,0
34.5832,3
34.5835,2
34.5837,0
34.5891,8
34.5892,0
34.5946,4
34.5947,2
34.5947,0
34.6001,14
34.6002,7
34.6057,6
34.6057,2
34.6057,0
34.6111,2
34.6112,0
34.6166,8
34.6167,0
34.6221,1
34.6222,0
34.6276,10
34.6277,0
34.6331,5
34.6332,3
34.6332,0
34.6386,8
34.6387,0
34.6442,14
34.6445,9
34.6448,1
34.6502,0
34.6556,11
34.6558,2
34.656,0
34.6614,4
34.6614,3
34.6614,0
34.6723,7
34.6727,0
34.6781,13
34.6782,8
34.6837,6
34.6837,0
34.6892,2
34.6892,0
34.6894,5
34.6895,0
34.6897,4
34.6897,0
34.6899,4
34.69,0
34.6901,3
34.6902,1
34.6902,0
34.6904,8
34.6905,0
34.6907,1
34.6907,0
34.6909,2
34.6909,0
34.6911,14
34.6913,0
34.6914,4
34.6915,0
34.6917,11
34.6918,0
34.692,11
34.6921,5
34.6921,0
34.6923,14
34.6924,1
34.6925,0
34.6926,1
34.6927,0
34.6928,6
34.6929,0
34.6931,9
34.6932,3
34.6932,0
34.6934,13
34.6935,0
34.6937,13
34.6937,12
34.6939,0
34.694,5
34.6941,0
34.6945,8
34.6946,0
34.6948,6
34.6949,0
34.695,15
34.6952,0
34.6954,10
34.6954,7
34.6955,0
34.6957,7
34.6958,0
34.6959,10
34.696,8
34.6961,0
34.6964,13
34.6966,4
34.6966,0
34.6968,14
34.6969,0
34.6971,8
34.6972,0
34.6974,5
34.6975,0
34.6976,1
34.6977,0
34.6978,11
34.698,0
34.6981,1
34.6982,0
34.6984,6
34.6984,4
34.6985,0
34.6986,5
34.6987,0
34.6989,6
34.699,0
34.6991,2
34.6992,0
34.6994,2
34.6994,0
34.6996,5
34.6997,0
34.7,7
34.7003,1
34.7003,0
34.7059,9
34.706,0
34.7114,15
34.7115,10
34.7116,0
34.717,11
34.7171,4
34.7172,0
34.7226,15
34.7226,11
34.7281,6
34.7281,5
34.7282,0
34.7336,6
34.7337,0
34.7392,12
34.7394,11
34.7397,0
34.7399,2
34.7399,1
34.7399,0
34.7401,13
34.7403,0
34.7404,11
34.7405,9
34.7406,0
34.7409,6
34.741,0
34.7412,11
34.7413,0
34.7415,15
34.7416,8
34.7417,0
34.7418,1
34.7419,0
34.7421,8
34.7422,1
34.7422,0
34.7423,10
34.7425,0
34.7426,9
34.7427,3
34.7428,0
34.7429,13
34.7431,0
34.7432,8
34.7434,0
34.7437,8
34.7438,0
34.744,9
34.7441,0
34.7443,6
34.7444,0
34.7446,11
34.7447,0
34.7449,7
34.745,0
34.7451,5
34.7452,0
34.7454,4
34.7455,0
34.7456,13
34.7457,8
34.7458,0
34.7459,2
34.746,0
34.7466,6
34.7466,4
34.7467,0
34.7468,5
34.7469,0
34.7471,10
34.7472,2
34.7472,0
34.7476,13
34.7478,0
34.7481,10
34.7483,0
34.7484,1
34.7485,0
34.7486,7
34.7487,5
34.7487,0
34.7489,8
34.749,0
34.7492,14
34.7493,10
34.7494,0
34.7495,9
34.7496,1
34.7496,0
34.7498,7
34.7499,0
34.7501,5
34.7502,0
34.7503,1
34.7504,0
34.7505,11
34.7506,8
34.7561,6
34.7561,0
34.7563,11
34.7564,9
34.7564,0
34.7566,6
34.7567,0
34.7569,3
34.7569,2
34.7569,0
34.7571,3
34.7572,0
34.7573,2
34.7574,0
34.7576,13
34.7577,5
34.7577,0
34.7579,5
34.758,0
34.7581,1
34.7582,0
34.7584,7
34.7584,4
34.7585,0
34.7586,1
34.7587,0
34.7588,15
34.759,4
34.759,0
34.7592,4
34.7593,0
34.7594,2
34.7595,0
34.7597,4
34.7597,0
34.7599,14
34.7601,0
34.7602,3
34.7603,0
34.7605,15
34.7606,0
34.7608,14
34.7609,13
34.761,0
34.7611,10
34.7612,4
34.7613,0
34.7614,9
34.7616,0
34.7617,3
34.7618,0
34.7672,7
34.7673,0
34.7727,9
34.7732,0
34.7733,13
34.7734,11
34.7735,0
34.7736,10
34.7737,2
34.7738,0
34.7739,1
34.774,0
34.7742,5
34.7742,0
34.7744,4
34.7745,0
34.7746,7
34.7748,0
34.7749,2
34.775,0
34.7751,3
34.7752,0
34.7754,2
34.7754,0
34.7756,6
34.7757,0
34.7759,4
34.7759,0
34.7761,3
34.7762,0
34.7763,8
34.7765,0
34.7766,12
34.7767,3
34.7768,0
34.7769,6
34.777,0
34.7772,14
34.7773,6
34.7774,0
34.7775,9
34.7776,0
34.7778,14
34.7779,13
34.778,0
34.7781,15
34.7782,9
34.7783,0
34.7785,3
34.7786,0
34.7787,4
34.7788,0
34.779,4
34.779,0
34.7792,15
34.7794,2
34.7794,0
34.7795,3
34.7796,0
34.7798,13
34.7799,2
34.7799,0
34.7801,7
34.7802,0
34.7804,5
34.7805,0
34.7806,15
34.7808,0
34.781,3
34.781,0
34.7812,10
34.7813,0
34.7815,7
34.7816,0
34.7818,11
34.7819,0
34.7821,4
34.7821,0
34.7825,15
34.7827,0
34.7829,12
34.7829,11
34.783,0
34.7832,6
34.7833,0
34.7836,5
34.7839,3
34.7894,0
34.7895,9
34.7896,0
34.7898,14
34.7898,13
34.7899,0
34.7954,6
34.7954,2
34.7955,0
34.8009,1
34.8009,0
34.8063,6
34.8064,0
34.8118,13
34.8119,12
34.812,0
34.8174,8
34.8175,2
34.8175,0
34.8229,9
34.823,0
34.8284,13
34.8285,10
34.8286,0
34.834,11
34.8341,4
34.8342,0
34.8396,9
34.8397,0
34.8451,3
34.8451,2
34.8452,0
34.8506,4
34.8507,0
34.8561,3
34.8561,0
34.867,2
34.8671,0
34.8725,10
34.8726,0
34.878,7
34.8784,0
34.8838,11
34.8839,0
34.8948,2
34.8949,0
34.9003,9
34.9004,0
34.9058,2
34.9059,0
34.9113,10
34.9113,9
34.9114,0
34.9168,13
34.9169,5
34.917,0
34.9224,9
34.9225,0
34.9279,4
34.928,0
34.9334,2
34.9335,0
34.9389,10
34.939,2
34.939,0
34.9444,2
34.9445,0
34.9553,3
34.9554,0
34.9608,10
34.9609,0
34.9663,1
34.9664,0
34.9718,7
34.9719,4
34.9719,0
34.9773,15
34.9777,12
34.9778,0
34.9832,6
34.9833,1
34.9833,0
34.9887,10
34.9888,0
34.9942,2
34.9943,0
34.9997,14
34.9999,0
35.0053,9
35.0053,8
35.0054,0
35.0108,6
35.0109,0
35.0163,13
35.0165,0
35.0219,5
35.022,0
35.0274,5
35.0275,0
35.0329,13
35.033,4
35.033,0
35.0384,8
35.0386,0
35.044,12
35.044,10
35.0441,0
35.0495,2
35.0496,0
35.055,15
35.055,13
35.0552,0
35.0606,15
35.0607,11
35.0608,0
35.0662,10
35.0663,4
35.0663,0
35.0717,4
35.0718,0
35.0772,7
35.0773,1
35.0773,0
35.0827,1
35.083,0
35.0885,4
35.0885,2
35.0885,0
35.0939,11
35.0941,0
35.1049,14
35.1051,0
35.1105,15
35.1106,14
35.1107,0
35.1161,1
35.1162,0
35.1216,13
35.1217,0
35.1271,1
35.1272,0
35.1326,1
35.1326,0
35.139,11
35.1391,0
35.1392,13
35.1393,6
35.1394,0
35.1448,10
35.1449,0
35.1504,8
35.1505,0
35.1559,5
35.156,0
35.1614,9
35.1617,8
35.1619,4
35.1674,2
35.1674,0
35.1729,15
35.173,7
35.173,1
35.1732,0
35.1843,11
35.1847,0
35.1901,15
35.1902,10
35.1903,0
35.1957,10
35.1958,2
35.1958,0
35.2012,1
35.2013,0
35.2067,1
35.2067,0
35.2121,14
35.2124,6
35.2125,0
35.218,10
35.218,5
35.2181,0
35.2237,13
35.2238,0
35.2293,2
35.2294,0
35.2295,10
35.2296,3
35.2297,0
35.2298,4
35.2299,0
35.2301,4
35.2301,0
35.2303,7
35.2304,4
35.2304,0
35.2306,3
35.2306,0
35.2308,10
35.2309,1
35.2309,0
35.2311,2
35.2312,0
35.2313,7
35.2314,0
35.2318,12
35.2319,10
35.232,0
35.2321,4
35.2322,0
35.2324,5
35.2324,3
35.2325,0
35.2326,6
35.2327,0
35.2329,9
35.233,1
35.233,0
35.2334,11
35.2335,0
35.2337,3
35.2337,1
35.2337,0
35.2339,14
35.2341,0
35.2342,3
35.2343,2
35.2343,0
35.2345,6
35.2346,0
35.2347,15
35.2349,4
35.2349,0
35.2403,10
35.2404,0
35.2458,13
35.246,0
35.2515,13
35.2516,0
35.2518,6
35.2519,0
35.2573,2
35.2573,0
35.2682,13
35.2683,4
35.2684,0
35.2738,9
35.2739,0
35.2793,7
35.2793,6
35.2794,0
35.2848,11
35.2851,10
35.2852,0
35.2961,7
35.2962,3
35.2962,0
35.3016,3
35.3017,0
35.3071,7
35.3072,0
35.3126,4
35.3127,0
35.3181,9
35.3182,0
35.3236,1
35.3237,0
35.3291,11
35.3292,0
35.3401,3
35.3401,0
35.3456,3
35.3456,0
35.351,14
35.3511,9
35.3512,0
35.3566,11
35.3567,3
35.3568,0
35.3622,6
35.3623,0
35.3677,10
35.3678,5
35.3678,0
35.3732,3
35.3733,0
35.3787,13
35.3788,7
35.3788,0
35.3843,11
35.3844,1
35.3844,0
35.3898,9
35.3902,3
35.3902,0
35.3956,10
35.3957,0
35.4012,14
35.4012,13
35.4013,0
35.4067,9
35.4068,4
35.4069,0
35.4123,15
35.4124,2
35.4124,0
35.4179,15
35.418,0
35.4234,14
35.4236,0
35.429,5
35.4291,0
35.4345,10
35.4346,0
35.4401,15
35.4402,0
35.4511,6
35.4512,0
35.4566,8
35.4567,0
35.4621,10
35.4623,0
35.4677,11
35.4677,5
35.4678,0
35.4732,15
35.4734,3
35.4734,0
35.4842,14
35.4844,3
35.4844,0
35.4898,10
35.4902,6
35.4902,0
35.4956,15
35.4958,4
35.4958,0
35.5012,4
35.5013,0
35.5067,7
35.5068,1
35.5068,0
35.5122,8
35.5123,0
35.5178,9
35.5178,4
35.5179,0
35.5233,11
35.5234,0
35.5288,13
35.529,0
35.5344,14
35.5345,10
35.5346,0
35.54,13
35.54,11
35.541,0
35.5465,9
35.5466,0
35.5468,9
35.5468,7
35.5469,0
35.547,10
35.5472,0
35.5473,10
35.5475,0
35.5476,11
35.5477,3
35.5478,0
35.5479,2
35.548,0
35.5482,1
35.5482,0
35.5484,4
35.5485,0
35.5486,7
35.5487,5
35.5487,0
35.5491,5
35.5492,0
35.5494,6
35.5494,2
35.5494,0
35.5496,3
35.5497,0
35.5498,11
35.55,0
35.5502,10
35.5503,0
35.5504,15
35.5505,8
35.5506,0
35.551,7
35.5511,0
35.5513,3
35.5513,0
35.5515,10
35.5516,0
35.5518,9
35.5519,6
35.5519,0
35.5521,7
35.5522,0
35.5576,15
35.558,0
35.5635,2
35.5636,0
35.5637,3
35.5638,0
35.5692,4
35.5692,1
35.5694,0
35.5748,15
35.575,0
35.5804,13
35.5806,0
35.586,2
35.5861,0
35.5915,11
35.5919,2
35.5919,0
35.5973,4
35.5974,0
35.6137,1
35.6137,0
35.6191,7
35.6192,0
35.6247,15
35.6248,8
35.6248,0
35.6302,12
35.6304,3
35.6304,0
35.6358,1
35.6359,0
35.6413,5
35.6413,0
35.6468,3
35.6468,1
35.6468,0
35.6522,8
35.6523,0
35.6578,8
35.6578,3
35.6579,0
35.6687,11
35.6689,0
35.6743,1
35.6743,0
35.6852,9
35.6853,0
35.6907,15
35.6909,0
35.6963,6
35.6967,0
35.7021,2
35.7022,0
35.7076,11
35.7077,0
35.7131,12
35.7132,11
35.7133,0
35.7187,11
35.7188,5
35.7188,0
35.7242,11
35.7244,0
35.7298,4
35.7299,0
35.7353,3
35.7353,0
35.7407,6
35.7408,1
35.7408,0
35.7462,15
35.7464,0
35.7518,11
35.752,0
35.7574,6
35.7575,1
35.7575,0
35.7683,1
35.7684,0
35.7738,15
35.7739,7
35.774,0
35.7794,3
35.7795,0
35.7849,2
35.7849,0
35.7903,2
35.7904,0
35.7958,5
35.7962,1
35.7962,0
35.8016,15
35.8018,0
35.8072,5
35.8072,0
35.8127,6
35.8128,0
35.8182,5
35.8182,4
35.8183,0
35.8291,13
35.8292,3
35.8293,0
35.8347,13
35.8348,0
35.8402,6
35.8403,0
35.8512,8
35.8513,2
35.8513,0
35.8567,11
35.8569,0
35.8623,9
35.8624,0
35.8678,2
35.8679,0
35.8733,1
35.8733,0
35.8787,15
35.8789,0
35.8843,11
35.8844,10
35.8845,0
35.8899,7
35.89,0
35.8954,6
35.8955,0
35.9009,13
35.9013,0
35.9067,9
35.9068,6
35.9069,0
35.9123,15
35.9124,4
35.9124,0
35.9179,11
35.918,0
35.9234,1
35.9235,0
35.9289,8
35.929,0
35.9344,1
35.9344,0
35.9399,11
35.94,0
35.9454,6
35.9455,0
35.9509,4
35.951,0
35.9564,8
35.9565,0
35.9619,8
35.962,0
35.9674,4
35.9675,0
35.9729,1
35.973,0
35.9784,9
35.9785,0
35.9839,10
35.984,6
35.9841,0
35.9895,5
35.9895,0
35.995,8
35.995,5
35.9951,0
36.0005,9
36.0008,7
36.0009,0
36.0117,11
36.0118,4
36.0119,0
36.0173,6
36.0174,0
36.0228,14
36.0229,10
36.023,0
36.0284,10
36.0285,2
36.0285,0
36.0339,13
36.0341,0
36.0395,2
36.0395,0
36.045,5
36.045,0
36.0504,11
36.0505,5
36.0506,0
36.056,3
36.0561,0
36.0615,13
36.0616,7
36.0616,0
36.0725,8
36.0726,1
36.0726,0
36.078,8
36.0781,0
36.0835,14
36.0836,10
36.0837,0
36.0946,13
36.0946,9
36.0947,0
36.1001,9
36.1003,0
36.1057,2
36.106,0
36.1114,5
36.1115,4
36.1115,0
36.1169,7
36.117,0
36.1224,3
36.1225,0
36.1279,7
36.128,0
36.1334,5
36.1335,0
36.1389,6
36.139,0
36.1444,8
36.1445,0
36.1499,8
36.1501,0
36.1555,3
36.1555,0
36.1664,3
36.1665,0
36.1719,5
36.172,0
36.1774,8
36.1774,4
36.1775,0
36.1883,12
36.1885,2
36.1885,0
36.1939,11
36.194,0
36.1995,9
36.1995,8
36.1996,0
36.205,10
36.2054,0
36.2108,7
36.2109,0
36.2163,12
36.2165,0
36.2273,8
36.2274,0
36.2329,9
36.233,1
36.233,0
36.2384,14
36.2386,0
36.244,5
36.2441,0
36.2495,13
36.2496,2
36.2496,0
36.255,15
36.2552,0
36.2606,13
36.2608,0
36.2662,10
36.2662,9
36.2663,0
36.2717,12
36.2718,3
36.2719,0
36.2773,14
36.2774,0
36.2829,7
36.283,0
36.2938,5
36.2939,1
36.2939,0
36.2993,7
36.2994,0
36.3048,13
36.3049,8
36.305,0
36.3104,3
36.3108,0
36.3162,9
36.3163,0
36.3217,13
36.3217,12
36.3219,0
36.3273,5
36.3273,0
36.3328,3
36.3328,0
36.3382,5
36.3383,0
36.3437,15
36.3438,12
36.3439,0
36.3493,4
36.3494,0
36.3548,6
36.3549,0
36.3603,10
36.3618,0
36.3673,7
36.3674,1
36.3674,0
36.3728,6
36.3729,0
36.3731,11
36.3731,9
36.3732,0
36.3734,2
36.3735,0
36.3736,4
36.3737,0
36.3739,10
36.374,0
36.3742,7
36.3743,0
36.3744,3
36.3745,0
36.3747,15
36.3748,1
36.3748,0
36.375,12
36.3752,0
36.3753,14
36.3754,11
36.3755,0
36.3757,15
36.3758,7
36.3758,0
36.376,4
36.3761,0
36.3762,5
36.3763,0
36.3767,6
36.3768,0
36.377,3
36.377,0
36.3772,7
36.3773,4
36.3773,0
36.3775,10
36.3776,0
36.3778,3
36.3778,0
36.378,2
36.3781,0
36.3782,15
36.3783,14
36.3786,13
36.3787,0
36.3788,2
36.3789,0
36.3791,10
36.3791,8
36.3792,0
36.3794,15
36.3795,5
36.3795,0
36.3797,8
36.3798,0
36.38,3
36.3801,0
36.3802,13
36.3804,0
36.3808,11
36.3808,9
36.3809,0
36.3811,2
36.3811,0
36.3813,5
36.3814,0
36.3815,4
36.3816,0
36.3818,11
36.3819,0
36.3821,15
36.3823,0
36.3824,9
36.3825,6
36.3825,0
36.3827,7
36.3828,0
36.383,14
36.3831,11
36.3832,0
36.3833,7
36.3834,0
36.3836,11
36.3837,0
36.3839,11
36.384,5
36.384,0
36.3842,14
36.3843,0
36.3897,2
36.3898,0
36.3952,1
36.3953,0
36.4061,4
36.4062,0
36.4116,2
36.412,0
36.4228,8
36.4229,7
36.4229,0
36.4283,11
36.4285,1
36.4285,0
36.4339,11
36.4341,1
36.4341,0
36.4343,10
36.4344,0
36.4346,3
36.4346,0
36.4348,4
36.4349,0
36.435,15
36.4352,0
36.4354,14
36.4355,0
36.4359,1
36.436,0
36.4361,7
36.4362,0
36.4364,3
36.4365,0
36.4366,12
36.4367,9
36.4368,0
36.4369,15
36.4371,5
36.4371,0
36.4373,5
36.4374,0
36.4375,10
36.4376,4
36.4377,0
36.4378,2
36.4379,0
36.4381,10
36.4382,0
36.4384,14
36.4385,0
36.4387,5
36.4388,2
36.4388,0
36.4389,5
36.439,0
36.4392,15
36.4393,6
36.4394,0
36.4395,8
36.4396,0
36.445,9
36.4451,5
36.4452,0
36.4506,2
36.4506,0
36.456,2
36.4561,0
36.4615,3
36.4616,1
36.4616,0
36.467,3
36.467,0
36.4725,9
36.4726,0
36.478,4
36.4781,0
36.4835,11
36.4836,0
36.489,14
36.4892,0
36.4946,3
36.4947,0
36.5001,12
36.5002,0
36.5056,13
36.5058,0
36.5112,8
36.5113,5
36.5113,0
36.5167,3
36.5174,0
36.5228,8
36.5229,2
36.5229,0
36.5283,5
36.5284,0
36.5338,15
36.5339,8
36.534,0
36.5394,15
36.5395,6
36.5396,0
36.545,6
36.5451,0
36.5505,4
36.5505,2
36.5505,0
36.556,2
36.556,0
36.5614,5
36.5615,0
36.5669,5
36.567,3
36.567,0
36.5724,11
36.5726,0
36.578,1
36.578,0
36.5834,2
36.5835,0
36.5889,1
36.5889,0
36.5944,13
36.5944,7
36.5945,0
36.5999,6
36.6,0
36.6054,10
36.6055,9
36.6056,0
36.611,9
36.6111,1
36.6111,0
36.6165,3
36.6169,0
36.6223,11
36.6224,0
36.6278,5
36.6279,0
36.6333,1
36.6334,0
36.6388,13
36.6389,0
36.6443,6
36.6458,0
36.6512,14
36.6514,0
36.6568,11
36.6569,9
36.6569,7
36.6571,2
36.6626,0
36.668,2
36.6681,0
36.6735,4
36.6735,0
36.679,7
36.6791,0
36.6845,15
36.6845,12
36.6846,8
36.6903,5
36.6904,0
36.6958,8
36.6959,0
36.7013,3
36.7014,2
36.7014,0
36.7068,15
36.707,0
36.7124,3
36.7124,0
36.7179,15
36.7182,14
36.7184,13
36.7184,7
36.7298,0
36.7352,7
36.7353,0
36.7407,9
36.7411,0
36.7466,5
36.7467,0
36.7468,14
36.7469,9
36.7471,8
36.7583,0
36.7637,11
36.7638,9
36.7638,3
36.764,0
36.7642,5
36.7643,0
36.7757,9
36.7758,4
36.7758,0
36.7812,2
36.7813,0
36.7867,9
36.7871,0
36.7925,12
36.7926,7
36.7926,5
36.7983,0
36.8038,4
36.8038,0
36.8092,10
36.8094,0
36.8148,3
36.8149,0
36.8203,10
36.8206,7
36.8207,0
36.8261,8
36.8262,4
36.8263,0
36.8264,2
36.8265,0
36.8266,2
36.8267,0
36.8269,6
36.827,0
36.8271,8
36.8272,0
36.8274,2
36.8275,0
36.8276,4
36.8277,0
36.8279,6
36.828,0
36.8281,11
36.8283,0
36.8284,14
36.8286,0
36.8288,5
36.8288,3
36.8289,0
36.829,13
36.8292,0
36.8294,7
36.8294,6
36.8295,0
36.8296,11
36.8298,0
36.8299,11
36.8301,0
36.8302,9
36.8303,2
36.8304,0
36.8305,12
36.8307,0
36.8308,4
36.8309,2
36.8309,0
36.8311,7
36.8312,0
36.8313,13
36.8315,6
36.8315,0
36.8317,15
36.8318,14
36.8319,11
36.8374,6
36.8374,0
36.8376,3
36.8376,2
36.8376,0
36.8378,15
36.838,0
36.8382,7
36.8383,0
36.8384,5
36.8385,0
36.8387,9
36.8387,6
36.8388,0
36.839,15
36.8391,2
36.8391,0
36.8393,15
36.8395,0
36.8396,7
36.8397,0
36.8401,1
36.8402,0
36.8403,7
36.8404,2
36.8404,0
36.8406,14
36.8408,0
36.8409,15
36.841,14
36.8411,0
36.8413,11
36.8414,7
36.8414,0
36.8416,6
36.8417,0
36.8418,10
36.8419,6
36.842,0
36.8423,3
36.8424,0
36.8426,13
36.8427,8
36.8427,0
36.8429,2
36.8429,0
36.8484,11
36.8485,10
36.8486,0
36.8487,7
36.8488,0
36.8542,3
36.8543,2
36.8543,0
36.8597,11
36.8598,0
36.8652,13
36.8653,12
36.8654,0
36.8708,1
36.8709,0
36.8763,4
36.8763,3
36.8763,0
36.8818,5
36.8818,0
36.8873,12
36.8875,0
36.8876,14
36.8877,8
36.8878,0
36.888,10
36.8881,0
36.8882,8
36.8884,0
36.8885,5
36.8886,0
36.889,15
36.8892,0
36.8893,4
36.8894,1
36.8894,0
36.8896,3
36.8896,0
36.8898,12
36.89,0
36.8901,11
36.8903,0
36.8906,12
36.8907,9
36.8908,0
36.8909,4
36.891,0
36.8912,15
36.8913,11
36.8914,0
36.8915,5
36.8916,0
36.8918,15
36.892,0
36.8921,9
36.8922,5
36.8922,0
36.8924,1
36.8925,0
36.8926,4
36.893,0
36.8931,15
36.8933,0
36.8987,14
36.8989,0
36.9043,10
36.9043,9
36.9044,0
36.9098,1
36.9099,0
36.9153,7
36.9154,4
36.9154,0
36.9208,9
36.9209,0
36.9321,4
36.9322,0
36.9376,2
36.9376,1
36.9376,0
36.943,4
36.9431,0
36.9485,10
36.9486,1
36.9487,0
36.9541,4
36.9541,0
36.9596,3
36.9596,0
36.965,5
36.9651,2
36.9651,0
36.9705,6
36.9706,0
36.976,5
36.9761,0
36.9815,11
36.9817,0
36.9871,1
36.9871,0
36.9925,15
36.9927,0
36.9982,7
36.9984,4
36.9986,0
37.0042,2
37.0043,0
37.0097,10
37.0098,7
37.0098,0
37.0153,2
37.0154,0
37.0157,12
37.0159,0
37.016,1
37.0161,0
37.0163,2
37.0163,1
37.0163,0
37.0165,3
37.0166,0
37.0167,11
37.0169,0
37.017,14
37.0172,0
37.0174,10
37.0174,6
37.0175,0
37.0177,13
37.0178,1
37.0178,0
37.018,7
37.0181,0
37.0182,13
37.0184,4
37.0184,0
37.0186,7
37.0187,0
37.0188,3
37.0189,0
37.0191,2
37.0191,0
37.0195,8
37.0196,0
37.0198,14
37.0199,10
37.02,0
37.0201,4
37.0202,0
37.0204,14
37.0204,12
37.0205,0
37.0207,7
37.0208,0
37.0209,5
37.021,0
37.0264,1
37.0268,0
37.0322,12
37.0323,0
37.0377,13
37.0378,10
37.0379,0
37.0433,12
37.0434,4
37.0435,0
37.0489,15
37.049,2
37.049,0
37.0544,2
37.0545,0
37.0599,9
37.06,0
37.0654,7
37.0656,0
37.071,8
37.0711,0
37.0765,5
37.0766,0
37.082,14
37.0821,5
37.0821,0
37.0876,5
37.0876,0
37.0931,10
37.0931,6
37.0932,0
37.0986,8
37.0989,7
37.099,0
37.1045,12
37.1045,9
37.1046,0
37.1047,7
37.1049,0
37.1103,5
37.1103,3
37.1104,0
37.1158,6
37.1159,0
37.1213,14
37.1213,9
37.1214,0
37.1268,3
37.1272,0
37.1326,11
37.1327,0
37.1382,1
37.1382,0
37.1436,3
37.1437,0
37.1491,11
37.1492,10
37.1493,0
37.1494,4
37.1495,0
37.1549,6
37.155,2
37.155,0
37.1604,1
37.1605,0
37.1659,8
37.166,0
37.1714,4
37.1715,0
37.1823,7
37.1824,0
37.1879,12
37.188,0
37.1934,7
37.1935,2
37.1935,0
37.1989,12
37.1991,0
37.2045,5
37.2046,0
37.21,15
37.2101,3
37.2102,0
37.221,15
37.2212,4
37.2212,0
37.2266,14
37.2268,1
37.2268,0
37.2322,9
37.2326,3
37.2326,0
37.2434,4
37.2435,0
37.2544,3
37.2544,2
37.2545,0
37.2599,12
37.26,0
37.2654,2
37.2655,0
37.2709,2
37.271,0
37.2764,14
37.2765,5
37.2765,0
37.2819,3
37.282,0
37.2874,14
37.2875,11
37.2878,8
37.288,0
37.2935,12
37.2937,0
37.2938,4
37.2939,0
37.2941,11
37.2942,0
37.2944,12
37.2944,11
37.2945,0
37.2947,14
37.2948,6
37.2949,0
37.295,9
37.2952,0
37.2953,6
37.2954,5
37.2954,0
37.2956,1
37.2956,0
37.2958,4
37.2959,0
37.296,14
37.2961,10
37.2962,0
37.2964,12
37.2965,3
37.2965,0
37.2967,12
37.2968,0
37.297,4
37.297,3
37.2971,0
37.2972,3
37.2973,0
37.2975,9
37.2976,0
37.2978,15
37.2979,0
37.2981,10
37.2982,7
37.2982,0
37.2984,8
37.2985,0
37.2987,15
37.2987,13
37.2989,0
37.299,15
37.2993,13
37.2996,0
37.2998,8
37.2998,5
37.2999,0
37.3001,8
37.3002,0
37.3003,11
37.3004,8
37.3005,0
37.3007,6
37.3007,0
37.3009,14
37.301,12
37.3011,0
37.3012,8
37.3013,1
37.3014,0
37.3017,3
37.3018,0
37.3022,6
37.3023,0
37.3026,5
37.3027,0
37.3029,2
37.303,0
37.3031,12
37.3032,5
37.3033,0
37.3034,8
37.3035,0
37.3037,2
37.3038,0
37.3039,2
37.304,0
37.3042,6
37.3043,0
37.3044,2
37.3045,0
37.3046,6
37.3047,3
37.3047,0
37.3049,10
37.305,1
37.3105,0
37.3106,8
37.3107,6
37.3107,0
37.3162,8
37.3163,0
37.3271,11
37.3273,0
37.3327,4
37.333,0
37.3384,7
37.3385,1
37.3386,0
37.344,10
37.3441,0
37.355,10
37.3551,0
37.3605,8
37.3606,1
37.3606,0
37.366,2
37.3661,0
37.3715,9
37.3716,0
37.377,3
37.3771,0
37.3825,13
37.3827,0
37.3881,5
37.3882,0
37.3886,8
37.3886,7
37.3887,0
37.3889,2
37.3889,0
37.3891,14
37.3892,6
37.3893,0
37.3894,14
37.3896,2
37.3896,0
37.39,6
37.3901,0
37.3904,14
37.3905,10
37.3906,0
37.3908,7
37.3909,0
37.391,8
37.3911,0
37.3913,10
37.3914,0
37.3916,13
37.3918,0
37.3921,11
37.3922,10
37.3923,0
37.3924,2
37.3925,0
37.3927,14
37.3927,9
37.3928,0
37.393,15
37.3931,6
37.3932,0
37.3933,8
37.3935,0
37.3936,2
37.3937,0
37.3991,12
37.3992,0
37.4047,9
37.405,0
37.4051,7
37.4052,0
37.4054,4
37.4055,0
37.4057,3
37.4057,0
37.4059,8
37.406,0
37.4062,10
37.4063,0
37.4065,12
37.4066,4
37.4066,0
37.4068,2
37.4068,0
37.407,7
37.4071,0
37.4073,8
37.4073,7
37.4074,0
37.4076,15
37.4077,3
37.4077,0
37.4079,1
37.4079,0
37.4081,8
37.4082,0
37.4084,14
37.4084,12
37.4086,0
37.4087,1
37.4088,0
37.4089,10
37.409,7
37.4091,0
37.4092,7
37.4093,0
37.4095,8
37.4096,5
37.4096,0
37.4098,12
37.4099,0
37.4101,10
37.4102,0
37.4104,4
37.4105,0
37.4106,1
37.4107,0
37.4109,6
37.4109,0
37.4111,6
37.4112,0
37.4116,13
37.4116,12
37.4117,0
37.4119,3
37.412,0
37.4121,8
37.4122,7
37.4123,0
37.4124,1
37.4125,0
37.4126,2
37.4127,0
37.4129,5
37.4129,1
37.4129,0
37.4131,4
37.4132,0
37.4133,7
37.4135,0
37.4136,4
37.4137,2
37.4137,0
37.4139,15
37.414,0
37.4142,3
37.4143,0
37.4144,8
37.4146,0
37.4147,2
37.4148,0
37.4149,13
37.415,12
37.4151,0
37.4153,6
37.4154,0
37.4155,10
37.4157,0
37.4158,12
37.4159,6
37.4161,4
37.4161,0
37.4163,10
37.4164,0
37.4166,15
37.4167,10
37.4168,0
37.4222,1
37.4222,0
37.4276,15
37.4277,12
37.4278,0
37.4332,12
37.4333,6
37.4334,0
37.4388,6
37.4391,5
37.4392,0
37.45,3
37.4501,0
37.4555,13
37.4555,11
37.4556,0
37.4611,14
37.4612,7
37.4612,0
37.4666,3
37.4667,0
37.4721,1
37.4722,0
37.4776,6
37.4777,0
37.4831,13
37.4832,2
37.4832,0
37.4886,10
37.4888,0
37.4942,6
37.4942,4
37.4943,0
37.4997,11
37.4998,0
37.5052,6
37.5053,0
37.5107,14
37.5109,4
37.5109,0
37.5163,3
37.5164,0
37.5218,14
37.5219,7
37.522,0
37.5274,13
37.5275,3
37.5275,0
37.5329,2
37.533,0
37.5384,7
37.5388,0
37.5442,15
37.5443,6
37.5444,0
37.5498,8
37.5499,0
37.5553,8
37.5554,0
37.5608,2
37.5609,0
37.5663,1
37.5664,0
37.5718,6
37.5719,0
37.5773,13
37.5774,2
37.5774,0
37.5828,13
37.583,0
37.5884,13
37.5886,0
37.594,11
37.594,8
37.5941,0
37.5995,5
37.5996,0
37.605,1
37.6051,0
37.6105,6
37.6106,0
37.616,15
37.6161,7
37.6162,0
37.6216,10
37.6217,0
37.6271,7
37.6272,0
37.6326,10
37.6327,2
37.6328,0
37.6382,12
37.6383,0
37.6437,3
37.6441,0
37.6495,11
37.6496,8
37.6496,0
37.655,8
37.6552,0
37.6606,1
37.6606,0
37.666,11
37.6662,0
37.6716,11
37.6717,0
37.6771,3
37.6772,0
37.6826,13
37.6828,0
37.6882,8
37.6883,3
37.6883,0
37.6937,6
37.6938,0
37.6992,15
37.6993,10
37.6994,0
37.7048,8
37.7049,1
37.7049,0
37.7103,8
37.7104,0
37.7158,6
37.7159,1
37.7159,0
37.7213,13
37.7215,0
37.7269,8
37.727,0
37.7324,4
37.7325,0
37.7379,12
37.738,10
37.7381,0
37.7435,7
37.7439,0
37.7493,6
37.7494,0
37.7548,5
37.7549,0
37.7603,4
37.7603,0
37.7658,14
37.7658,11
37.7658,8
37.7667,7
37.7722,6
37.7722,0
37.7776,12
37.7778,1
37.7778,0
37.7832,7
37.7833,0
37.7887,10
37.7888,4
37.7888,0
37.7997,13
37.7998,3
37.7999,0
37.8053,11
37.8054,0
37.8108,8
37.8109,0
37.8163,5
37.8164,0
37.8218,3
37.8219,2
37.8219,0
37.8273,4
37.8274,0
37.8328,8
37.8329,0
37.8383,6
37.8384,0
37.8438,13
37.8443,0
37.8497,3
37.8497,1
37.8498,0
37.8552,9
37.8553,0
37.8607,8
37.8608,4
37.8608,0
37.8662,11
37.8664,0
37.8718,11
37.8719,0
37.8773,7
37.8774,1
37.8774,0
37.8828,5
37.8829,0
37.8883,8
37.8884,1
37.8884,0
37.8938,7
37.894,0
37.8994,3
37.8994,0
37.9048,2
37.9049,0
37.9103,9
37.9104,0
37.9158,8
37.9159,5
37.916,0
37.9214,9
37.9215,0
37.9269,4
37.927,0
37.9324,12
37.9325,0
37.9379,11
37.9381,0
37.9435,2
37.9436,0
37.949,10
37.9494,1
37.9494,0
37.9548,15
37.955,0
37.9604,3
37.9604,0
37.9658,1
37.9659,0
37.9713,15
37.9714,7
37.9715,0
37.9769,2
37.977,0
37.9824,9
37.9824,4
37.9825,0
37.9879,14
37.9886,0
37.994,13
37.9942,0
37.9943,3
37.9944,0
37.9998,11
38,0
38.0054,7
38.0054,4
38.0055,0
38.0109,1
38.0109,0
38.0163,6
38.0164,0
38.0219,4
38.0219,0
38.0273,12
38.0275,0
38.0329,10
38.033,0
38.0384,9
38.0385,4
38.0386,0
38.0494,3
38.0498,0
38.0552,6
38.0553,0
38.0607,9
38.0608,5
38.0608,0
38.0662,4
38.0663,0
38.0717,14
38.0718,9
38.0719,0
38.0773,8
38.0774,0
38.0828,5
38.0829,0
38.0883,13
38.0884,3
38.0885,0
38.0939,11
38.094,0
38.0994,4
38.0995,0
38.1049,13
38.1051,0
38.1105,10
38.1106,0
38.116,9
38.1161,5
38.1161,0
38.1215,11
38.1217,0
38.1271,2
38.1272,0
38.1326,3
38.1326,0
38.138,14
38.1381,7
38.1382,0
38.1436,15
38.1438,5
38.1438,0
38.1492,7
38.1493,0
38.1547,11
38.1551,0
38.1606,12
38.1607,0
38.1661,15
38.1662,12
38.1663,0
38.1717,13
38.1718,7
38.1719,0
38.1773,1
38.1773,0
38.1827,4
38.1828,0
38.1882,6
38.1883,0
38.1937,4
38.1938,0
38.1992,10
38.1993,8
38.1993,0
38.2047,9
38.2049,0
38.2103,14
38.2104,0
38.2159,2
38.2159,1
38.2159,0
38.2213,13
38.2215,0
38.2269,8
38.227,0
38.2324,2
38.2325,0
38.2379,1
38.2379,0
38.2433,13
38.2435,0
38.2489,5
38.249,1
38.249,0
38.2544,14
38.2553,9
38.2554,0
38.2609,8
38.2609,6
38.261,0
38.2612,5
38.2613,0
38.2614,10
38.2615,5
38.2616,0
38.2617,5
38.2618,0
38.262,14
38.2621,7
38.2621,0
38.2623,6
38.2624,0
38.2626,4
38.2626,1
38.2626,0
38.2628,9
38.2629,0
38.2631,4
38.2632,0
38.2633,12
38.2635,0
38.2636,3
38.2637,0
38.2639,3
38.2639,1
38.264,0
38.2641,11
38.2643,0
38.2644,14
38.2645,10
38.2646,0
38.2648,2
38.2648,0
38.265,1
38.265,0
38.2652,15
38.2652,14
38.2654,0
38.2655,14
38.2656,9
38.2657,0
38.2659,10
38.266,1
38.266,0
38.2662,4
38.2662,0
38.2664,4
38.2666,0
38.2668,1
38.2668,0
38.2722,3
38.2723,0
38.2777,1
38.2778,0
38.2832,12
38.2834,0
38.2835,11
38.2836,10
38.2837,0
38.2891,2
38.2891,0
38.2945,1
38.2946,0
38.3,4
38.3001,0
38.3055,1
38.3055,0
38.3109,14
38.311,7
38.3111,0
38.3165,8
38.3166,0
38.3275,6
38.3276,0
38.333,15
38.3331,8
38.3332,0
38.3386,1
38.3386,0
38.344,15
38.3441,10
38.3442,0
38.3496,7
38.3497,0
38.3551,10
38.3552,7
38.3552,4
38.3556,0
38.361,11
38.3611,0
38.3665,9
38.3666,0
38.3721,3
38.3721,0
38.3775,3
38.3776,2
38.3776,0
38.383,10
38.3831,0
38.3886,2
38.3886,0
38.394,14
38.3942,0
38.405,15
38.4052,0
38.4106,3
38.4107,0
38.4161,1
38.4162,0
38.4216,14
38.4217,5
38.4217,0
38.4271,1
38.4272,0
38.4326,15
38.4327,7
38.4328,0
38.4382,11
38.4383,1
38.4383,0
38.4437,12
38.4439,0
38.4493,3
38.4494,2
38.4494,0
38.466,12
38.4661,0
38.4715,10
38.4716,6
38.4717,0
38.4771,1
38.4771,0
38.488,10
38.4886,9
38.4888,6
38.4888,0
38.4943,15
38.4944,3
38.4944,0
38.4999,9
38.5001,0
38.5002,14
38.5004,3
38.5004,0
38.5058,12
38.506,0
38.5114,6
38.5115,0
38.5169,2
38.5169,0
38.5223,7
38.5224,2
38.5225,0
38.5279,8
38.528,2
38.5283,0
38.5337,6
38.5338,0
38.5392,2
38.5392,0
38.5446,14
38.5448,0
38.5502,2
38.5503,0
38.5557,3
38.5558,0
38.5612,10
38.5615,9
38.5616,0
38.567,13
38.5671,5
38.5672,0
38.5726,14
38.5727,1
38.5727,0
38.589,14
38.5892,5
38.5892,0
38.5946,10
38.5948,0
38.6002,10
38.6003,0
38.6057,3
38.6058,0
38.6112,9
38.6113,0
38.6167,7
38.6168,0
38.6222,13
38.6224,0
38.6278,8
38.6279,6
38.6279,0
38.6333,13
38.6335,1
38.6335,0
38.6389,1
38.6389,0
38.6443,7
38.6444,0
38.6499,3
38.6499,2
38.6499,0
38.6553,8
38.6555,0
38.6609,12
38.6609,8
38.661,0
38.6664,5
38.6668,0
38.6722,13
38.6723,1
38.6724,0
38.6778,6
38.6779,0
38.6833,2
38.6833,0
38.6887,8
38.6888,7
38.6889,0
38.6943,14
38.6944,3
38.6944,0
38.6998,2
38.6999,0
38.7053,5
38.7054,0
38.7108,5
38.7109,0
38.7163,4
38.7164,0
38.7218,14
38.7219,9
38.722,0
38.7274,6
38.7277,4
38.7279,0
38.7334,15
38.7336,14
38.7338,0
38.7339,7
38.734,2
38.734,0
38.7342,11
38.7344,0
38.7345,5
38.7346,2
38.7346,0
38.7348,1
38.7348,0
38.735,13
38.7351,0
38.7353,3
38.7354,0
38.7355,13
38.7357,0
38.7359,7
38.736,0
38.7361,10
38.7363,0
38.7364,14
38.7366,0
38.7368,12
38.7368,10
38.7369,0
38.7371,2
38.7371,0
38.7373,2
38.7374,0
38.7375,3
38.7376,2
38.7376,0
38.7378,13
38.7379,0
38.7381,10
38.7381,9
38.7382,0
38.7384,13
38.7385,3
38.7385,0
38.7387,4
38.7388,0
38.7389,2
38.739,0
38.7392,8
38.7393,3
38.7393,0
38.7394,14
38.7396,0
38.7398,1
38.7398,0
38.74,8
38.7401,0
38.7403,6
38.7404,0
38.7405,14
38.7407,0
38.7409,15
38.7409,12
38.741,0
38.7412,12
38.7413,6
38.7414,0
38.7415,13
38.7417,0
38.7418,14
38.742,0
38.7422,3
38.7422,1
38.7423,0
38.7424,8
38.7425,0
38.7427,1
38.7427,0
38.7429,9
38.743,4
38.743,0
38.7432,2
38.7433,0
38.7434,14
38.7436,4
38.7436,0
38.7438,3
38.7438,0
38.744,1
38.744,0
38.7442,8
38.7443,2
38.7443,0
38.7449,12
38.7504,5
38.7504,0
38.7506,5
38.7507,1
38.7507,0
38.7508,9
38.751,0
38.7511,10
38.7512,4
38.7513,0
38.7514,2
38.7515,0
38.7516,6
38.7517,0
38.7519,2
38.752,0
38.7521,13
38.7523,0
38.7525,7
38.7525,4
38.7526,0
38.7527,7
38.7528,0
38.753,14
38.7531,8
38.7532,0
38.7533,5
38.7534,0
38.7536,5
38.7536,2
38.7537,0
38.7538,12
38.754,0
38.7541,11
38.7542,8
38.7543,0
38.7544,11
38.7546,1
38.7546,0
38.7548,8
38.7549,0
38.755,9
38.7551,1
38.7552,0
38.7553,9
38.7554,0
38.7556,8
38.7557,2
38.7557,0
38.7559,11
38.756,4
38.7615,0
38.7669,14
38.7673,9
38.7674,0
38.7675,3
38.7676,0
38.773,15
38.7731,10
38.7732,0
38.7786,2
38.7787,1
38.7787,0
38.7788,13
38.779,0
38.7844,15
38.7845,11
38.7846,3
38.7848,0
38.7902,1
38.7902,0
38.7956,2
38.7957,0
38.8011,14
38.8013,0
38.8067,5
38.8139,0
38.8194,14
38.8194,9
38.8195,0
38.825,7
38.825,5
38.8251,0
38.8252,14
38.8253,7
38.8255,4
38.8344,0
38.8398,11
38.8456,10
38.8456,5
38.8457,0
38.8511,7
38.8512,0
38.8567,6
38.8621,0
38.8623,14
38.8624,1
38.8624,0
38.8678,10
38.8682,4
38.8683,0
38.8737,3
38.8737,0
38.8791,12
38.8792,11
38.8794,5
38.885,0
38.8905,11
38.8906,0
38.896,7
38.8961,4
38.8961,0
38.9015,6
38.9016,0
38.907,9
38.9071,5
38.9071,0
38.9126,15
38.9127,2
38.9127,0
38.9181,13
38.9183,0
38.9237,5
38.9238,0
38.9292,13
38.9293,2
38.9294,0
38.9348,15
38.9349,0
38.9404,13
38.9405,0
38.9459,5
38.946,4
38.946,0
38.9514,1
38.9515,0
38.9569,2
38.9569,0
38.9623,2
38.9624,0
38.9678,9
38.9679,0
38.9733,15
38.9738,0
38.9792,2
38.9793,0
38.9847,4
38.9848,0
38.9902,11
38.9903,4
38.9903,0
38.9957,9
38.9958,0
39.0013,15
39.0013,14
39.0014,0
39.0068,10
39.0069,7
39.007,0
39.0124,11
39.0125,0
39.0179,13
39.0181,0
39.0235,4
39.0235,3
39.0236,0
39.029,3
39.0291,0
39.0345,6
39.0346,0
39.04,15
39.0401,0
39.0456,9
39.0457,0
39.0511,8
39.0512,0
39.0566,5
39.0567,0
39.0621,11
39.0622,1
39.0622,0
39.0677,7
39.0678,0
39.0732,15
39.0736,0
39.079,10
39.0792,0
39.0846,11
39.0847,6
39.0847,0
39.0901,15
39.0903,4
39.0903,0
39.0957,15
39.0959,1
39.0959,0
39.1013,1
39.1014,0
39.1068,3
39.1068,0
39.1122,12
39.1123,7
39.1124,0
39.1178,7
39.1179,0
39.1233,15
39.1235,0
39.1289,10
39.129,7
39.129,0
39.1344,6
39.1345,0
39.1399,10
39.14,9
39.1401,0
39.1455,4
39.1456,0
39.151,2
39.151,1
39.151,0
39.1564,6
39.1565,0
39.1619,14
39.162,7
39.1621,0
39.1675,10
39.1677,0
39.1731,6
39.1732,0
39.1786,15
39.179,0
39.1844,6
39.1845,0
39.1954,8
39.1955,0
39.2009,3
39.201,0
39.2064,9
39.2065,0
39.2119,2
39.212,0
39.2228,8
39.223,0
39.2284,11
39.2285,0
39.2339,7
39.234,2
39.234,0
39.2394,2
39.2395,0
39.2449,1
39.245,0
39.2504,9
39.2505,3
39.2505,0
39.2613,10
39.2615,0
39.2669,6
39.267,0
39.2724,1
39.2724,0
39.2779,11
39.2783,0
39.2837,6
39.2838,0
39.2892,3
39.2893,0
39.2947,14
39.2948,9
39.2948,0
39.3002,10
39.3004,1
39.3004,0
39.3112,9
39.3114,0
39.3222,8
39.3223,0
39.3277,11
39.3278,5
39.3279,0
39.3333,10
39.3334,0
39.3388,2
39.3389,0
39.3443,1
39.3444,0
39.3498,13
39.3499,3
39.3499,0
39.3553,15
39.3555,0
39.3609,1
39.361,0
39.3664,6
39.3665,0
39.3719,13
39.3719,10
39.372,0
39.3774,9
39.3776,2
39.3776,0
39.383,2
39.3833,0
39.3887,14
39.3889,0
39.3943,15
39.3944,12
39.3945,0
39.4053,4
39.4054,2
39.4054,0
39.4108,1
39.4109,0
39.4163,12
39.4164,1
39.4164,0
39.4218,3
39.4219,0
39.4273,13
39.4275,3
39.4275,0
39.4329,14
39.4331,0
39.4385,3
39.4385,0
39.444,14
39.4441,2
39.4441,0
39.455,13
39.4551,1
39.4551,0
39.4605,6
39.4606,0
39.4661,10
39.4661,3
39.4662,0
39.4716,12
39.4717,0
39.4772,6
39.4772,0
39.4827,10
39.4831,0
39.4885,2
39.4885,0
39.4939,2
39.494,1
39.494,0
39.4994,9
39.4995,0
39.5049,4
39.505,0
39.5104,5
39.5105,0
39.5159,12
39.5161,3
39.5161,0
39.5215,11
39.5216,0
39.527,12
39.5272,0
39.5326,9
39.5327,3
39.5327,0
39.5381,14
39.5383,0
39.5437,9
39.5438,0
39.5492,10
39.5493,5
39.5494,0
39.5548,14
39.5549,2
39.555,0
39.5604,15
39.5605,0
39.5714,6
39.5715,0
39.5769,13
39.577,8
39.5771,0
39.5825,9
39.5826,0
39.588,3
39.5884,0
39.5938,10
39.5938,9
39.5939,0
39.5993,15
39.5994,6
39.5995,0
39.6049,12
39.605,1
39.605,0
39.6159,5
39.616,0
39.6214,5
39.6215,1
39.6215,0
39.6323,15
39.6325,2
39.6325,0
39.6379,5
39.638,0
39.6434,14
39.6435,7
39.6436,0
39.649,10
39.6491,0
39.6545,15
39.6547,0
39.6601,3
39.6602,0
39.6656,15
39.6658,1
39.6658,0
39.6712,11
39.6713,0
39.6767,4
39.6768,2
39.6768,0
39.6822,1
39.6823,0
39.6877,5
39.688,4
39.6881,0
39.6935,7
39.6936,0
39.699,11
39.699,8
39.6991,0
39.7045,4
39.7046,0
39.71,8
39.7101,6
39.7101,0
39.7155,11
39.7157,0
39.7211,10
39.7212,0
39.7266,7
39.7267,3
39.7267,0
39.7321,8
39.7323,0
39.7377,3
39.7377,0
39.7431,4
39.7432,0
39.7486,7
39.7487,0
39.7596,1
39.7596,0
39.7651,13
39.7652,1
39.7652,0
39.7706,3
39.7707,0
39.7761,4
39.7762,0
39.7816,15
39.7817,12
39.7818,0
39.7872,14
39.7873,9
39.7873,0
39.7928,4
39.7931,0
39.7985,1
39.7986,0
39.804,12
39.8041,5
39.8041,0
39.8095,2
39.8096,0
39.815,4
39.8151,0
39.8205,14
39.8207,0
39.837,11
39.8371,0
39.8425,4
39.8426,1
39.8426,0
39.8535,5
39.8536,0
39.859,14
39.859,10
39.8591,0
39.87,6
39.8701,2
39.8701,0
39.8809,7
39.881,0
39.8865,11
39.8865,9
39.8866,0
39.892,3
39.8924,0
39.8978,12
39.8979,0
39.9033,12
39.9035,0
39.9089,13
39.9089,11
39.909,0
39.9145,14
39.9145,8
39.9146,0
39.92,3
39.9201,0
39.9255,10
39.9256,7
39.9256,0
39.931,14
39.9312,3
39.9312,0
39.9366,5
39.9367,0
39.9422,7
39.9423,0
39.9424,6
39.9425,0
39.9479,2
39.948,0
39.9534,1
39.9535,0
39.9589,1
39.9589,0
39.9643,13
39.9645,3
39.9645,0
39.9699,10
39.97,0
39.9754,4
39.9755,3
39.9755,0
39.9809,8
39.981,0
39.9864,12
39.9865,9
39.9866,0
39.9974,8
39.9978,0
40.0087,14
40.0088,13
40.0089,0
40.0143,10
40.0144,6
40.0144,0
40.0198,11
40.02,0
40.0254,12
40.0255,0
40.0309,2
40.031,0
40.0364,9
40.0365,0
40.0419,8
40.042,2
40.042,0
40.0475,8
40.0476,0
40.0584,1
40.0585,0
40.0639,8
40.064,0
40.0694,4
40.0695,0
40.0804,4
40.0804,0
40.0858,8
40.0859,0
40.0914,14
40.0915,0
40.0969,9
40.0973,0
40.1028,1
40.1028,0
40.1083,2
40.1083,0
40.1085,11
40.1086,5
40.1086,0
40.1195,5
40.1196,0
40.125,4
40.125,0
40.1305,11
40.1306,0
40.136,15
40.1362,0
40.147,11
40.1472,0
40.1526,2
40.1527,0
40.1581,1
40.1581,0
40.1635,1
40.1636,0
40.169,1
40.169,0
40.1744,2
40.1745,0
40.1799,2
40.18,1
40.18,0
40.1909,13
40.191,6
40.1911,0
40.1912,4
40.1913,0
40.1967,6
40.1968,0
40.2022,8
40.2026,0
40.2134,2
40.2135,0
40.2189,10
40.219,1
40.219,0
40.2244,15
40.2246,0
40.23,6
40.2301,0
40.2355,4
40.2356,0
40.241,15
40.2411,13
40.2412,0
40.2466,6
40.2467,2
40.2467,0
40.2521,6
40.2522,0
40.2576,7
40.2577,1
40.2577,0
40.2631,14
40.2633,0
40.2687,3
40.2688,0
40.2742,4
40.2743,0
40.2797,5
40.2798,0
40.2852,15
40.2854,0
40.2908,1
40.2908,0
40.2962,15
40.2964,0
40.3018,1
40.3021,0
40.3075,12
40.3076,8
40.3077,0
40.3131,3
40.3132,0
40.3186,15
40.3186,12
40.3188,0
40.3242,3
40.3242,0
40.3296,2
40.3297,0
40.3351,7
40.3352,0
40.3406,1
40.3407,0
40.3461,14
40.3463,0
40.3517,11
40.3517,8
40.3518,0
40.3572,8
40.3573,0
40.3627,4
40.3628,0
40.3682,13
40.3684,2
40.3684,0
40.3738,11
40.3739,0
40.3793,7
40.3794,6
40.3795,0
40.3849,10
40.385,0
40.3904,4
40.3905,0
40.3959,12
40.396,0
40.4014,9
40.4016,0
40.4127,3
40.4128,0
40.4182,9
40.4183,4
40.4183,0
40.4237,3
40.4238,0
40.4292,12
40.4293,5
40.4293,0
40.4348,13
40.4349,1
40.4349,0
40.4403,15
40.4405,0
40.4459,14
40.4461,0
40.4515,6
40.4515,4
40.4516,0
40.4624,4
40.4625,0
40.4679,5
40.468,3
40.468,0
40.4734,12
40.4736,0
40.479,8
40.4791,0
40.4845,9
40.4846,0
40.49,12
40.4902,0
40.4956,11
40.4957,9
40.4957,0
40.5012,3
40.5012,0
40.5124,11
40.5125,2
40.5125,0
40.5179,4
40.518,0
40.5234,5
40.5235,0
40.5289,3
40.529,0
40.5344,4
40.5345,0
40.5399,2
40.5399,0
40.5453,2
40.5454,1
40.5454,0
40.5508,13
40.551,0
40.5564,9
40.5565,0
40.5619,13
40.562,5
40.5621,0
40.5675,13
40.5676,1
40.5676,0
40.573,1
40.5731,0
40.5785,13
40.5786,1
40.5787,0
40.5841,1
40.5841,0
40.5895,14
40.5897,2
40.5897,0
40.5951,7
40.5952,0
40.6006,12
40.6007,7
40.6008,0
40.6062,8
40.6063,0
40.6117,10
40.6121,0
40.623,5
40.6231,0
40.6285,4
40.6285,0
40.634,13
40.6341,0
40.6395,10
40.6396,8
40.6397,0
40.6451,1
40.6451,0
40.6505,5
40.6506,0
40.656,5
40.6561,0
40.6615,9
40.6616,0
40.667,2
40.6671,0
40.6725,14
40.6727,2
40.6727,0
40.6781,15
40.6783,0
40.6837,7
40.6838,0
40.6892,14
40.6893,7
40.6894,0
40.6948,11
40.6949,0
40.7003,4
40.7004,0
40.7058,5
40.7059,0
40.7113,13
40.7117,1
40.7117,0
40.7171,10
40.7173,0
40.7227,7
40.7228,4
40.7228,0
40.7282,14
40.7284,1
40.7284,0
40.7338,9
40.7339,0
40.7393,12
40.7394,8
40.7395,0
40.7449,5
40.745,0
40.7504,1
40.7504,0
40.7558,15
40.756,0
40.7614,8
40.7615,0
40.7669,2
40.767,0
40.7724,15
40.7725,12
40.7726,0
40.778,11
40.7781,6
40.7781,0
40.789,1
40.789,0
40.7945,11
40.7945,7
40.7946,0
40.8,1
40.8001,0
40.8055,4
40.8055,0
40.8164,3
40.8168,0
40.8222,3
40.8222,0
40.8276,11
40.8278,0
40.8332,6
40.8333,0
40.8387,7
40.8388,0
40.8442,10
40.8457,1
40.8459,0
40.8513,5
40.8514,0
40.8569,8
40.857,4
40.857,0
40.8572,2
40.8572,0
40.8574,8
40.8577,0
40.8578,1
40.8579,0
40.8689,5
40.869,0
40.8744,6
40.8745,0
40.8799,7
40.88,0
40.8854,12
40.8855,6
40.887,5
40.8872,0
40.9097,4
40.9097,0
40.9151,11
40.9152,8
40.9152,5
40.9156,0
40.921,10
40.9211,5
40.9213,4
40.9213,0
40.9267,12
40.9268,0
40.9328,5
40.9328,2
40.9329,0
40.9383,11
40.9384,0
40.9438,11
40.9439,10
40.9439,9
40.9441,0
40.9495,4
40.9496,0
40.955,6
40.9551,5
40.9551,0
40.9605,13
40.9607,3
40.9661,0
40.9716,2
40.9716,0
40.977,10
40.9771,2
40.9772,0
40.9826,11
40.9827,0
40.9828,14
40.9829,9
40.983,0
40.9884,8
40.9885,0
40.9939,11
40.9941,3
40.9943,0
40.9997,8
40.9997,4
41.0052,0
41.0106,13
41.0108,2
41.0108,0
41.0162,5
41.0163,0
41.0217,14
41.0221,9
41.0223,0
41.0277,3
41.0278,2
41.0278,0
41.0332,3
41.0333,0
41.0388,15
41.0391,13
41.0393,5
41.0448,0
41.045,14
41.0452,0
41.0506,9
41.0507,0
41.0561,13
41.0562,6
41.0563,0
41.0617,3
41.0617,0
41.0671,8
41.0672,3
41.0673,0
41.0727,5
41.0728,0
41.0782,8
41.0783,2
41.0783,0
41.0837,4
41.0838,0
41.0892,3
41.0892,0
41.0946,12
41.0947,10
41.0948,0
41.1002,12
41.1003,5
41.1004,0
41.1058,1
41.1058,0
41.1112,6
41.1113,0
41.1167,5
41.1168,0
41.1222,14
41.1226,13
41.1227,0
41.1281,11
41.1282,7
41.1282,0
41.1336,7
41.1337,0
41.1391,10
41.1393,0
41.1447,11
41.1448,4
41.1448,0
41.1502,4
41.1503,0
41.1557,4
41.1558,0
41.1612,12
41.1614,0
41.1668,11
41.1669,7
41.1669,0
41.1723,2
41.1724,0
41.1778,10
41.1779,5
41.1779,0
41.1833,9
41.1835,0
41.1889,14
41.189,0
41.1944,13
41.1945,9
41.1945,8
41.1952,0
41.2006,3
41.2009,0
41.201,4
41.2011,1
41.2011,0
41.2065,13
41.2066,0
41.2121,2
41.2122,0
41.2123,12
41.2125,0
41.2179,7
41.218,0
41.2234,10
41.2238,0
41.2292,9
41.2293,5
41.2293,0
41.2347,13
41.2349,1
41.2349,0
41.2403,14
41.2405,0
41.2513,11
41.2515,0
41.2569,1
41.2569,0
41.2624,5
41.2625,0
41.2626,6
41.2627,0
41.2682,14
41.2683,2
41.2684,0
41.274,13
41.2741,0
41.2796,9
41.2797,0
41.2798,3
41.2799,0
41.2853,10
41.2855,0
41.2909,13
41.291,7
41.291,0
41.2964,7
41.2965,0
41.3022,11
41.3024,2
41.3024,0
41.3078,11
41.3079,0
41.3133,3
41.3134,2
41.3134,0
41.3188,3
41.3189,0
41.3243,4
41.3244,0
41.3298,11
41.3302,0
41.3356,15
41.3358,0
41.3412,2
41.3413,0
41.3467,8
41.3468,0
41.3522,3
41.3523,0
41.3686,14
41.3687,2
41.3687,0
41.3741,8
41.3743,0
41.3797,10
41.3797,6
41.3798,0
41.3852,1
41.3853,0
41.3907,15
41.3908,8
41.3908,0
41.3963,5
41.3963,0
41.4018,4
41.4018,3
41.4018,0
41.4072,4
41.4073,0
41.4127,5
41.4128,0
41.4182,9
41.4183,0
41.4238,14
41.4239,7
41.4239,0
41.4293,4
41.4297,0
41.4351,8
41.4352,0
41.4406,8
41.4407,6
41.4407,0
41.4461,14
41.4463,3
41.4463,0
41.4517,12
41.4519,0
41.4573,10
41.4574,0
41.4628,11
41.4629,5
41.463,0
41.4684,13
41.4685,0
41.4739,13
41.4741,0
41.485,15
41.4851,0
41.4905,11
41.4907,0
41.4961,9
41.4962,3
41.4962,0
41.5017,5
41.5018,0
41.5019,8
41.502,5
41.502,0
41.5077,10
41.5078,9
41.5079,0
41.5133,12
41.5134,4
41.5134,0
41.5243,13
41.5244,3
41.5244,0
41.5299,10
41.5302,6
41.5303,0
41.5357,10
41.5358,0
41.5412,13
41.5414,0
41.5522,13
41.5524,0
41.5578,14
41.5579,11
41.558,0
41.5634,1
41.5634,0
41.5688,15
41.5689,13
41.569,0
41.5744,2
41.5745,0
41.5799,11
41.58,0
41.5854,14
41.5855,8
41.5856,0
41.591,5
41.5911,0
41.5965,7
41.5966,6
41.5966,0
41.602,9
41.6022,0
41.6076,3
41.6076,0
41.613,3
41.6131,0
41.6185,2
41.6186,0
41.624,6
41.624,5
41.6241,0
41.6295,6
41.6296,0
41.635,1
41.6353,0
41.6407,1
41.6408,0
41.6462,10
41.6463,5
41.6463,0
41.6517,12
41.6519,0
41.6573,13
41.6575,0
41.6629,11
41.6629,10
41.663,0
41.6684,4
41.6685,0
41.6739,6
41.674,0
41.6794,5
41.6795,0
41.6849,6
41.685,3
41.685,0
41.6904,15
41.6906,1
41.6906,0
41.696,1
41.696,0
41.7015,8
41.7016,0
41.7124,7
41.7125,0
41.7179,11
41.7181,3
41.7181,0
41.7235,5
41.7236,0
41.729,3
41.7291,0
41.7402,8
41.7403,2
41.7403,0
41.7457,9
41.7458,0
41.7513,8
41.7513,5
41.7514,0
41.7568,6
41.7569,0
41.7623,2
41.7623,0
41.7678,5
41.7678,0
41.7732,5
41.7733,0
41.7787,10
41.7788,8
41.7789,0
41.7843,3
41.7844,0
41.7898,13
41.7898,10
41.7899,0
41.7953,11
41.7954,4
41.7955,0
41.8009,7
41.801,0
41.8064,14
41.8065,11
41.8066,0
41.812,6
41.8121,0
41.8175,11
41.8176,0
41.823,2
41.8231,0
41.8285,10
41.8286,0
41.8452,15
41.8453,6
41.8454,0
41.8508,9
41.8509,0
41.8563,7
41.8564,0
41.8619,14
41.862,5
41.862,0
41.8674,2
41.8675,0
41.8729,8
41.873,1
41.873,0
41.8784,14
41.8786,0
41.884,9
41.8841,0
41.8895,5
41.8896,0
41.895,12
41.8952,0
41.906,11
41.9061,10
41.9062,0
41.9116,10
41.9117,3
41.9117,0
41.9171,15
41.9173,0
41.9227,4
41.9228,0
41.9282,6
41.9283,0
41.9337,8
41.9338,0
41.9392,3
41.9396,0
41.945,3
41.9451,0
41.9505,5
41.9506,0
41.956,5
41.956,0
41.9615,6
41.9616,0
41.967,2
41.967,0
41.9724,7
41.9725,0
41.9779,1
41.978,0
41.9834,8
41.9835,6
41.9835,0
41.9889,2
41.989,0
41.9944,15
41.9945,9
41.9946,0
42,10
42.0001,1
42.0001,0
42.0055,6
42.0056,0
42.011,7
42.0111,0
42.0165,11
42.0167,0
42.0221,5
42.0222,2
42.0222,0
42.0276,6
42.0277,0
42.0331,5
42.0332,0
42.0386,3
42.0387,0
42.0441,2
42.0444,1
42.0444,0
42.0498,4
42.0499,0
42.0553,8
42.0554,0
42.0608,8
42.0609,0
42.0664,11
42.0665,4
42.0665,0
42.0719,6
42.072,0
42.0774,8
42.0775,4
42.0775,0
42.0829,8
42.083,0
42.0885,6
42.0885,4
42.0885,0
42.094,5
42.094,0
42.0995,8
42.0995,3
42.0996,0
42.105,15
42.1051,1
42.1052,0
42.1106,3
42.1106,0
42.116,13
42.1162,3
42.1162,0
42.1216,12
42.1218,0
42.1272,8
42.1273,0
42.1327,6
42.1328,0
42.1382,12
42.1383,0
42.1438,4
42.1438,0
42.1492,10
42.1496,2
42.1497,0
42.1551,10
42.1552,0
42.1606,4
42.1607,2
42.1607,0
42.1661,2
42.1662,0
42.1716,15
42.1717,5
42.1717,0
42.1771,5
42.1772,0
42.1826,6
42.1827,3
42.1827,0
42.1881,15
42.1883,0
42.1937,8
42.1938,0
42.1993,10
42.1993,4
42.1994,0
42.2048,13
42.205,0
42.2104,6
42.2105,0
42.2159,8
42.216,0
42.2214,5
42.2215,0
42.2323,3
42.2324,0
42.2378,5
42.2379,0
42.2433,6
42.2434,0
42.2488,4
42.2492,0
42.2546,2
42.2546,0
42.2601,6
42.2602,0
42.2656,11
42.2657,0
42.2711,10
42.2712,0
42.2767,1
42.2767,0
42.2821,5
42.2822,0
42.2876,8
42.2877,0
42.2931,14
42.2932,13
42.2933,0
42.2987,9
42.2988,5
42.2988,0
42.3042,4
42.3043,0
42.3097,3
42.3098,0
42.3152,14
42.3154,0
42.3208,6
42.3208,4
42.3209,0
42.3263,12
42.3264,0
42.3318,3
42.3319,0
42.3373,5
42.3374,0
42.3428,6
42.3429,2
42.3429,0
42.3483,13
42.3485,0
42.3539,15
42.3543,6
42.3544,0
42.3598,5
42.3598,0
42.3653,9
42.3653,6
42.3654,0
42.3708,2
42.3709,0
42.3817,6
42.3818,3
42.3818,0
42.3872,4
42.3873,0
42.3927,14
42.3928,7
42.3929,0
42.4092,14
42.4092,11
42.4093,0
42.4148,9
42.4149,2
42.4149,0
42.4203,1
42.4203,0
42.4257,14
42.4259,3
42.4259,0
42.4313,14
42.4315,0
42.4369,15
42.4371,0
42.4425,4
42.4426,0
42.448,13
42.4481,1
42.4481,0
42.4535,6
42.4539,0
42.4593,4
42.4594,0
42.4648,14
42.4649,4
42.465,0
42.4704,2
42.4705,0
42.4759,5
42.476,0
42.4814,8
42.4815,0
42.4869,5
42.487,0
42.4924,6
42.4924,5
42.4925,0
42.4979,6
42.498,0
42.5034,2
42.5034,0
42.5089,2
42.5089,0
42.5143,15
42.5145,2
42.5145,0
42.5199,13
42.5201,0
42.5255,6
42.5256,0
42.531,2
42.531,0
42.5365,12
42.5365,7
42.5366,0
42.542,1
42.5421,0
42.5475,2
42.5475,0
42.5529,8
42.5531,0
42.5585,7
42.5589,0
42.5643,3
42.5643,0
42.5697,14
42.5698,11
42.5699,0
42.5753,12
42.5754,6
42.5755,0
42.5809,8
42.581,0
42.5864,15
42.5866,0
42.592,2
42.592,0
42.5975,15
42.5976,0
42.603,5
42.6031,0
42.6085,2
42.6086,0
42.614,9
42.6141,2
42.6141,0
42.6195,9
42.6197,0
42.6251,4
42.6251,1
42.6251,0
42.6306,15
42.6307,0
42.6361,4
42.6362,0
42.6416,13
42.6418,2
42.6418,0
42.6472,8
42.6473,0
42.6527,2
42.6528,0
42.6582,8
42.6586,0
42.6694,10
42.6696,0
42.675,11
42.675,9
42.6751,0
42.6805,14
42.6806,6
42.6807,0
42.6861,12
42.6863,1
42.6863,0
42.6917,2
42.6917,0
42.6971,15
42.6973,4
42.6973,0
42.7027,6
42.7028,0
42.7083,6
42.7084,0
42.7085,5
42.7086,0
42.714,6
42.7141,2
42.7141,0
42.7195,10
42.7197,0
42.7251,1
42.7251,0
42.7305,9
42.7307,0
42.7361,8
42.7362,2
42.7362,0
42.7416,10
42.7417,0
42.7471,2
42.7472,0
42.7526,2
42.7527,0
42.7581,7
42.7582,0
42.7636,7
42.764,0
42.7694,13
42.7694,11
42.7695,0
42.7749,12
42.775,6
42.7751,0
42.7805,4
42.7806,0
42.786,14
42.7861,10
42.7862,0
42.797,2
42.7971,0
42.8025,3
42.8026,0
42.808,15
42.8081,2
42.8081,0
42.8135,8
42.8137,0
42.8191,1
42.8191,0
42.8245,4
42.8246,0
42.83,9
42.8301,0
42.8355,9
42.8356,8
42.8357,0
42.8411,6
42.8412,0
42.8466,15
42.8468,0
42.8522,14
42.8522,12
42.8523,0
42.8577,9
42.8578,4
42.8579,0
42.8633,10
42.8636,7
42.8637,0
42.88,10
42.8801,6
42.8801,0
42.8855,6
42.8856,0
42.8965,1
42.8966,0
42.902,2
42.902,0
42.9074,7
42.9075,0
42.9184,2
42.9185,0
42.9239,7
42.924,0
42.9294,1
42.9294,0
42.9348,10
42.935,0
42.9458,14
42.946,0
42.9514,7
42.9515,4
42.9515,0
42.9569,4
42.957,0
42.9624,5
42.9625,0
42.9679,14
42.9683,6
42.9684,0
42.9738,12
42.9739,7
42.974,0
42.9741,7
42.9742,0
42.9796,1
42.9797,0
42.9851,3
42.9852,0
42.9906,4
42.9906,0
42.9961,9
42.9961,3
42.9962,0
43.0016,12
43.0017,0
43.0071,3
43.0072,0
43.0126,4
43.0127,0
43.0181,11
43.0182,5
43.0183,0
43.0237,5
43.0237,0
43.0292,9
43.0292,5
43.0293,0
43.0347,12
43.0348,0
43.0402,8
43.0404,0
43.0458,4
43.0458,0
43.0513,4
43.0513,0
43.0567,8
43.0569,0
43.0623,12
43.0623,11
43.0624,0
43.0678,10
43.0682,0
43.0736,8
43.0737,5
43.0738,0
43.0846,5
43.0847,0
43.0901,11
43.0902,10
43.0903,0
43.0957,11
43.0958,4
43.0958,0
43.1012,13
43.1014,0
43.1068,2
43.1068,0
43.1123,14
43.1124,1
43.1124,0
43.1178,4
43.1179,0
43.1233,5
43.1234,0
43.1288,14
43.129,0
43.1344,10
43.1345,6
43.1345,0
43.1399,5
43.14,0
43.1454,7
43.1455,4
43.1455,0
43.1509,7
43.151,0
43.1565,14
43.1565,11
43.1566,0
43.162,10
43.1621,4
43.1622,0
43.1676,12
43.1677,0
43.1731,6
43.1735,0
43.1789,15
43.1791,0
43.1845,8
43.1846,7
43.1846,0
43.19,5
43.1901,0
43.1955,12
43.1956,10
43.1957,0
43.2065,15
43.2066,11
43.2067,0
43.2121,13
43.2122,6
43.2123,0
43.2177,11
43.2178,0
43.2232,13
43.2234,0
43.2288,12
43.2289,11
43.229,0
43.2344,3
43.2344,0
43.2398,9
43.24,0
43.2454,13
43.2455,5
43.2455,0
43.2509,10
43.2511,0
43.2565,6
43.2566,0
43.262,4
43.2621,0
43.2675,1
43.2675,0
43.2729,8
43.2733,0
43.2787,8
43.2789,0
43.2843,13
43.2844,6
43.2844,0
43.2898,14
43.29,3
43.29,0
43.2954,2
43.2955,0
43.3063,13
43.3064,7
43.3065,0
43.3119,12
43.312,2
43.312,0
43.3175,7
43.3176,0
43.323,3
43.323,0
43.3284,13
43.3286,0
43.334,13
43.3341,10
43.3342,0
43.3396,3
43.3397,0
43.3451,8
43.3451,7
43.3452,0
43.3506,4
43.3507,0
43.3561,2
43.3561,0
43.3615,11
43.3617,0
43.3671,10
43.3672,6
43.3672,0
43.3726,4
43.3727,0
43.3781,15
43.3786,1
43.3786,0
43.384,11
43.3841,0
43.3895,8
43.3896,6
43.3897,0
43.3951,3
43.3951,0
43.4005,6
43.4006,1
43.4006,0
43.406,15
43.4062,0
43.4116,11
43.4118,0
43.4172,13
43.4173,8
43.4173,0
43.4227,13
43.4229,4
43.4229,0
43.4283,13
43.4285,0
43.4339,4
43.434,0
43.4394,7
43.4395,0
43.4449,8
43.445,0
43.4504,12
43.4505,3
43.4506,0
43.456,10
43.4561,0
43.4615,4
43.4616,3
43.4616,0
43.467,9
43.4671,0
43.4725,14
43.4726,12
43.4727,0
43.4781,13
43.4785,0
43.484,2
43.4841,0
43.4842,3
43.4843,0
43.4897,4
43.4898,0
43.4952,9
43.4953,0
43.5007,9
43.5008,2
43.5008,0
43.5062,8
43.5064,0
43.5118,14
43.5118,10
43.5119,0
43.5228,6
43.5229,2
43.5229,0
43.5283,3
43.5284,0
43.5338,13
43.5339,4
43.5339,0
43.5393,7
43.5394,0
43.5449,13
43.5449,10
43.545,0
43.5504,10
43.5505,3
43.5506,0
43.556,9
43.5561,0
43.5615,14
43.5616,12
43.5617,0
43.5671,10
43.5672,5
43.5672,0
43.5726,1
43.5727,0
43.5781,3
43.5784,0
43.5838,12
43.584,0
43.5894,9
43.5895,0
43.5949,9
43.595,4
43.5951,0
43.6005,7
43.6006,0
43.606,6
43.606,3
43.6061,0
43.6115,5
43.6116,0
43.617,13
43.6171,7
43.6171,0
43.6225,2
43.6226,0
43.628,15
43.6281,10
43.6282,0
43.6336,14
43.6337,7
43.6338,0
43.6392,10
43.6393,0
43.6447,9
43.6448,0
43.6502,11
43.6503,5
43.6504,0
43.6612,8
43.6614,0
43.6723,10
43.6726,4
43.6726,0
43.6782,1
43.6783,0
43.6894,10
43.6895,0
43.6949,5
43.695,2
43.695,0
43.7004,15
43.7006,0
43.706,1
43.7061,0
43.7115,8
43.7116,0
43.717,2
43.7171,0
43.7225,15
43.7227,0
43.7281,15
43.7282,0
43.7336,1
43.7337,0
43.7446,10
43.7447,0
43.7501,3
43.7501,2
43.7502,0
43.7556,6
43.7557,0
43.7611,7
43.7612,1
43.7612,0
43.7666,11
43.7667,0
43.7721,4
43.7722,2
43.7722,0
43.7776,9
43.7778,0
43.7832,6
43.7835,0
43.789,3
43.789,0
43.7944,2
43.7945,0
43.7999,12
43.8001,0
43.8109,8
43.811,0
43.8164,8
43.8165,5
43.8165,0
43.822,11
43.8221,0
43.8275,10
43.8276,0
43.833,5
43.8331,0
43.8385,10
43.8387,0
43.8441,1
43.8441,0
43.8495,5
43.8496,0
43.855,8
43.8552,0
43.8606,1
43.8606,0
43.866,8
43.8661,0
43.8715,7
43.8716,1
43.8717,0
43.8771,4
43.8771,0
43.8825,5
43.8826,0
43.888,9
43.8884,0
43.8939,8
43.894,0
43.8994,13
43.8995,5
43.8995,0
43.9049,7
43.9051,0
43.9105,11
43.9105,9
43.9106,0
43.916,4
43.9161,0
43.9269,11
43.9271,0
43.9325,7
43.9326,3
43.9326,0
43.9381,12
43.9382,4
43.9382,0
43.9384,9
43.9385,0
43.9439,14
43.944,10
43.9441,0
43.9495,6
43.9496,0
43.955,2
43.955,0
43.9604,5
43.9605,0
43.9659,5
43.966,0
43.9714,11
43.9716,0
43.977,13
43.9771,10
43.9771,0
43.9826,13
43.9827,5
43.9827,0
43.9881,14
43.9885,12
43.9886,0
43.994,13
43.9941,8
43.9941,0
43.9996,7
43.9997,0
44.0051,10
44.0052,0
44.0106,4
44.0107,0
44.0161,2
44.0162,0
44.0216,5
44.0217,0
44.0271,11
44.0272,5
44.0272,0
44.0326,8
44.0327,0
44.0381,7
44.0382,6
44.0382,0
44.0436,15
44.0438,4
44.0438,0
44.0492,12
44.0494,0
44.0548,13
44.055,0
44.0604,1
44.0604,0
44.0658,7
44.0659,0
44.0713,7
44.0714,0
44.0768,7
44.077,0
44.0824,15
44.0825,6
44.0825,0
44.0879,12
44.0881,1
44.0881,0
44.0935,2
44.0938,0
44.1047,13
44.1049,0
44.1157,14
44.1159,0
44.1213,2
44.1214,1
44.1214,0
44.1268,6
44.1269,0
44.1323,6
44.1324,0
44.1378,10
44.1379,0
44.1433,1
44.1434,0
44.1488,13
44.1488,12
44.1489,0
44.1544,11
44.1544,6
44.1545,0
44.1599,14
44.16,2
44.1601,0
44.1655,3
44.1655,0
44.171,4
44.171,0
44.1764,6
44.1765,5
44.1765,0
44.1819,5
44.182,0
44.1874,6
44.1875,2
44.1875,0
44.1929,10
44.1933,5
44.1934,0
44.2042,11
44.2043,2
44.2044,0
44.2098,1
44.2098,0
44.2152,1
44.2153,0
44.2207,11
44.2208,4
44.2208,0
44.2262,1
44.2263,0
44.2317,8
44.2318,0
44.2372,1
44.2375,0
44.243,11
44.2431,0
44.2433,12
44.2434,5
44.2435,0
44.2436,14
44.2438,0
44.2492,12
44.2493,0
44.2547,12
44.2548,8
44.2549,0
44.2657,11
44.2658,5
44.2659,0
44.2713,3
44.2714,0
44.2768,4
44.2768,0
44.2823,1
44.2823,0
44.2877,13
44.2879,0
44.2933,3
44.2934,0
44.2988,2
44.2991,0
44.3045,13
44.3047,0
44.3101,3
44.3101,1
44.3101,0
44.3156,12
44.3157,0
44.3211,14
44.3212,13
44.3213,0
44.3267,9
44.3268,5
44.3268,0
44.3322,13
44.3324,1
44.3324,0
44.3378,12
44.3379,0
44.3434,1
44.3434,0
44.3488,11
44.349,0
44.3544,3
44.3544,0
44.3598,9
44.36,0
44.3654,5
44.3655,0
44.3709,11
44.371,0
44.3764,2
44.3765,0
44.3819,15
44.3821,0
44.3875,15
44.3877,0
44.3985,8
44.3989,0
44.4043,1
44.4044,0
44.4098,11
44.4099,0
44.4153,1
44.4154,0
44.4208,8
44.4209,0
44.4263,14
44.4264,9
44.4265,0
44.4319,14
44.432,5
44.4321,0
44.4375,12
44.4376,0
44.443,4
44.4431,0
44.4485,9
44.4486,0
44.454,9
44.4542,0
44.4596,4
44.4597,0
44.4651,8
44.4652,0
44.4706,7
44.4707,0
44.4761,10
44.4762,0
44.4816,6
44.4817,1
44.4817,0
44.4871,12
44.4873,0
44.4927,3
44.4927,2
44.4928,0
44.4982,14
44.4983,0
44.5038,9
44.5041,1
44.5042,0
44.5096,15
44.5097,0
44.5152,6
44.5153,0
44.5207,15
44.5208,6
44.5208,0
44.5262,2
44.5263,0
44.5317,14
44.5318,8
44.5319,0
44.5373,4
44.5374,0
44.5428,1
44.5428,0
44.5482,14
44.5484,0
44.5538,8
44.5539,7
44.5539,0
44.5593,9
44.5595,0
44.5649,15
44.565,0
44.5705,15
44.5705,14
44.5706,0
44.576,2
44.5761,0
44.5815,12
44.5817,0
44.5871,3
44.5871,0
44.5925,15
44.5927,0
44.5981,9
44.5983,0
44.6037,4
44.604,0
44.6094,11
44.6096,1
44.6096,0
44.615,6
44.6151,0
44.6205,3
44.6206,0
44.626,7
44.626,6
44.6261,0
44.6315,1
44.6315,0
44.637,13
44.6372,0
44.6373,15
44.6374,7
44.6375,0
44.6429,11
44.643,0
44.6484,9
44.6486,0
44.654,12
44.6541,7
44.6541,0
44.6596,10
44.6597,7
44.6597,0
44.6599,8
44.66,0
44.6654,5
44.6655,2
44.6655,0
44.6709,14
44.671,0
44.6765,5
44.6765,0
44.682,12
44.6821,2
44.6821,0
44.6875,3
44.6876,0
44.693,1
44.693,0
44.6985,5
44.6985,0
44.7039,11
44.704,9
44.704,6
44.7043,5
44.7044,0
44.7098,13
44.7099,1
44.71,0
44.7154,6
44.7155,0
44.7263,4
44.7264,0
44.7318,10
44.7319,0
44.7373,6
44.7374,2
44.7374,0
44.7428,11
44.743,0
44.7484,5
44.7485,0
44.7539,8
44.754,0
44.7594,1
44.7595,0
44.7649,8
44.765,0
44.7704,10
44.7705,4
44.7705,0
44.7759,2
44.776,0
44.7814,15
44.7815,7
44.7816,0
44.787,5
44.7871,0
44.7925,13
44.7926,11
44.7927,0
44.7981,3
44.7981,0
44.8035,13
44.8037,0
44.8091,13
44.8095,0
44.815,6
44.8151,0
44.8205,14
44.8206,4
44.8206,0
44.826,7
44.8261,0
44.8316,9
44.8316,6
44.8317,0
44.8371,13
44.8372,2
44.8372,0
44.8427,7
44.8428,0
44.8482,6
44.8483,1
44.8483,0
44.8537,7
44.8538,0
44.8592,12
44.8593,6
44.8593,0
44.8647,8
44.8649,0
44.8703,10
44.8704,0
44.8758,7
44.8759,0
44.8813,13
44.8815,0
44.8869,15
44.8869,13
44.8871,0
44.8925,1
44.8925,0
44.8979,11
44.8981,0
44.9035,12
44.9036,6
44.9036,0
44.909,9
44.9094,8
44.9094,0
44.9149,1
44.9149,0
44.9203,11
44.9204,6
44.9205,0
44.9259,6
44.926,0
44.9314,15
44.9314,13
44.9315,0
44.937,5
44.937,1
44.937,0
44.9425,12
44.9426,0
44.948,2
44.9481,1
44.9481,0
44.9535,10
44.9536,0
44.959,7
44.9591,4
44.9591,0
44.9645,5
44.9646,0
44.97,3
44.9701,0
44.9755,9
44.9756,0
44.981,11
44.9811,4
44.9812,0
44.9866,6
44.9867,0
44.9921,11
44.9922,7
44.9922,0
44.9976,11
44.9978,1
44.9978,0
45.0032,5
45.0033,0
45.0087,8
45.0088,0
45.0142,1
45.0145,0
45.02,11
45.02,8
45.0201,0
45.0255,13
45.0256,4
45.0257,0
45.0311,1
45.0311,0
45.0365,13
45.0367,4
45.0367,0
45.0421,4
45.0422,0
45.0476,2
45.0491,0
45.0545,7
45.0546,0
45.06,7
45.06,5
45.0603,0
45.0657,11
45.0658,7
45.0712,6
45.0712,4
45.0713,0
45.0767,12
45.0768,0
45.0824,7
45.0825,0
45.0879,13
45.0881,3
45.0935,0
45.0989,15
45.0991,4
45.0991,1
45.0993,0
45.1047,15
45.1048,10
45.1103,6
45.1103,4
45.1103,0
45.1157,12
45.1161,10
45.1163,7
45.1163,3
45.1218,0
45.1272,8
45.1273,2
45.1273,0
45.1327,10
45.1331,6
45.1331,3
45.1333,0
45.1387,6
45.1388,0
45.1443,6
45.1443,3
45.1443,0
45.1498,3
45.1498,0
45.1552,7
45.1553,0
45.1662,11
45.1663,4
45.1718,0
45.1772,12
45.1774,0
45.1828,3
45.1828,1
45.1828,0
45.1882,2
45.1883,0
45.1937,14
45.1938,11
45.194,6
45.2052,0
45.2107,7
45.2108,0
45.2163,4
45.2167,0
45.2221,3
45.2222,0
45.2276,1
45.2276,0
45.233,13
45.2331,12
45.2331,7
45.2334,6
45.239,0
45.2444,8
45.2445,0
45.2499,8
45.25,0
45.2609,7
45.261,1
45.261,0
45.2664,1
45.2664,0
45.2718,8
45.2719,0
45.2774,4
45.2774,3
45.2774,0
45.2828,15
45.283,1
45.283,0
45.2884,12
45.2886,0
45.294,6
45.294,5
45.2941,0
45.2995,14
45.2996,2
45.2997,0
45.3105,12
45.3107,0
45.3161,4
45.3162,0
45.3216,5
45.3219,0
45.3273,2
45.3274,0
45.3328,8
45.3329,1
45.3329,0
45.3383,4
45.3384,0
45.3438,2
45.3439,0
45.3493,4
45.3494,1
45.3494,0
45.3548,5
45.3549,0
45.3603,2
45.3603,0
45.3657,14
45.3658,11
45.3659,0
45.3713,13
45.3714,7
45.3715,0
45.3769,13
45.377,2
45.377,0
45.3825,10
45.3826,0
45.388,2
45.388,0
45.3935,7
45.3936,0
45.399,6
45.3991,0
45.4045,1
45.4045,0
45.4099,14
45.4101,0
45.4155,1
45.4156,0
45.421,4
45.4213,2
45.4213,0
45.4267,13
45.4269,0
45.4323,1
45.4324,0
45.4378,7
45.4379,0
45.4433,9
45.4434,4
45.4434,0
45.4488,11
45.449,0
45.4598,7
45.4599,0
45.4653,2
45.4654,0
45.4708,3
45.4709,2
45.4709,0
45.4763,12
45.4764,0
45.4818,14
45.482,0
45.4874,7
45.4875,4
45.4875,0
45.4929,12
45.4931,0
45.4986,5
45.4986,0
45.4988,8
45.4989,0
45.5043,9
45.5044,0
45.5098,7
45.5099,2
45.5099,0
45.5154,15
45.5155,0
45.5209,1
45.521,0
45.5264,4
45.5267,2
45.5268,0
45.5322,5
45.5323,0
45.5377,3
45.5377,0
45.5431,6
45.5432,5
45.5432,0
45.5486,4
45.5487,0
45.5541,2
45.5542,0
45.5596,1
45.5597,0
45.5651,1
45.5651,0
45.5705,15
45.5707,3
45.5707,0
45.5761,12
45.5763,0
45.5817,5
45.5818,0
45.5872,1
45.5872,0
45.5926,14
45.5927,8
45.5928,0
45.5982,13
45.5983,3
45.5984,0
45.6092,1
45.6093,0
45.6147,10
45.6148,4
45.6148,0
45.6202,3
45.6203,0
45.6257,1
45.626,0
45.6314,8
45.6316,0
45.637,14
45.637,12
45.6371,0
45.6425,6
45.6426,1
45.6426,0
45.648,2
45.6481,0
45.6535,7
45.6536,0
45.659,14
45.6591,13
45.6592,0
45.6646,5
45.6647,1
45.6647,0
45.6701,15
45.6703,0
45.6757,4
45.6758,0
45.6812,11
45.6813,0
45.6867,9
45.6868,0
45.6923,9
45.6923,4
45.6924,0
45.6978,10
45.6979,0
45.7033,15
45.7035,0
45.7089,15
45.709,12
45.7091,0
45.7145,7
45.7146,2
45.7146,0
45.72,5
45.7201,0
45.7255,13
45.7256,6
45.7257,0
45.7311,8
45.7314,7
45.7315,0
45.7369,7
45.737,0
45.7424,9
45.7425,0
45.7479,5
45.748,0
45.7534,8
45.7535,0
45.7589,3
45.759,0
45.7644,7
45.7645,4
45.7645,0
45.7699,2
45.77,0
45.7754,14
45.7755,6
45.7756,0
45.781,2
45.781,0
45.7865,1
45.7865,0
45.7919,6
45.792,4
45.792,0
45.7974,1
45.7975,0
45.8029,5
45.803,0
45.8084,2
45.8084,0
45.8138,2
45.8139,0
45.8193,11
45.8194,1
45.8195,0
45.8249,13
45.825,0
45.8304,7
45.8308,0
45.8362,5
45.8363,0
45.8417,2
45.8418,0
45.8472,5
45.8473,0
45.8527,2
45.8527,0
45.8582,12
45.8583,0
45.8637,2
45.8638,0
45.8692,11
45.8693,0
45.8747,14
45.8749,0
45.8803,14
45.8804,11
45.8805,0
45.8859,8
45.886,2
45.886,0
45.8914,15
45.8916,0
45.897,2
45.8971,0
45.9025,14
45.9026,1
45.9026,0
45.908,7
45.9081,0
45.9136,15
45.9136,10
45.9137,0
45.9191,15
45.9193,7
45.9193,0
45.9247,14
45.9249,4
45.9249,0
45.9303,7
45.9304,0
45.9416,4
45.9416,0
45.947,8
45.9471,5
45.9472,0
45.9526,4
45.9526,0
45.958,6
45.9581,1
45.9581,0
45.9636,9
45.9637,0
45.9691,12
45.9705,7
45.9708,0
45.9762,12
45.9763,10
45.9818,6
45.9818,0
45.982,7
45.9821,3
45.9821,0
45.9876,11
45.9877,3
45.9877,0
45.9878,8
45.988,0
45.9934,12
45.9935,6
45.9935,0
46.0044,8
46.0045,0
46.0099,6
46.01,0
46.0154,12
46.0155,4
46.0155,0
46.021,9
46.0211,0
46.0265,10
46.0265,9
46.0266,0
46.032,13
46.0321,4
46.0322,0
46.0376,11
46.0379,8
46.038,0
46.0434,4
46.0435,0
46.0489,3
46.049,1
46.049,0
46.0544,3
46.0545,0
46.0599,6
46.06,0
46.0654,2
46.0654,0
46.0708,3
46.0709,0
46.0763,4
46.0764,0
46.0818,13
46.0819,11
46.082,0
46.0874,11
46.0875,5
46.0878,3
46.0879,0
46.088,6
46.0881,0
46.0935,15
46.0936,6
46.0937,0
46.0991,12
46.0992,0
46.1047,14
46.1048,0
46.1102,2
46.1103,0
46.1157,13
46.1159,0
46.1213,8
46.1214,0
46.1269,14
46.1269,13
46.127,0
46.1326,8
46.1327,3
46.1327,0
46.1381,5
46.1385,1
46.1385,0
46.1439,12
46.1441,0
46.1495,1
46.1495,0
46.1549,7
46.155,0
46.1605,5
46.1605,0
46.1659,9
46.1661,0
46.1769,14
46.177,11
46.1771,0
46.1825,3
46.1826,0
46.188,8
46.1881,0
46.1935,15
46.1936,5
46.1937,0
46.1991,9
46.1992,0
46.2046,5
46.2047,0
46.2101,3
46.2102,0
46.2156,14
46.2157,8
46.2158,0
46.2212,12
46.2213,3
46.2213,0
46.2267,1
46.2268,0
46.2322,15
46.2323,5
46.2324,0
46.2378,5
46.2379,0
46.2433,15
46.2437,1
46.2437,0
46.2491,14
46.2493,0
46.2547,3
46.2548,0
46.2602,9
46.2603,0
46.2657,8
46.2658,7
46.2658,0
46.2713,8
46.2714,0
46.2768,13
46.2769,0
46.2823,4
46.2824,0
46.2878,8
46.2879,0
46.2934,11
46.2934,5
46.2935,0
46.2989,6
46.299,0
46.3044,7
46.3045,4
46.3045,0
46.3099,14
46.3101,1
46.3101,0
46.3155,15
46.3157,0
46.3211,6
46.3212,0
46.332,9
46.3321,3
46.3322,0
46.3376,10
46.3377,0
46.3431,4
46.3435,0
46.3489,13
46.349,9
46.349,0
46.3545,10
46.3546,2
46.3546,0
46.36,13
46.3602,0
46.3656,13
46.3657,0
46.3711,9
46.3712,6
46.3713,0
46.3767,7
46.3768,0
46.3822,6
46.3822,5
46.3823,0
46.3877,1
46.3877,0
46.3931,11
46.3933,3
46.3933,0
46.3987,9
46.3988,0
46.4042,4
46.4043,2
46.4043,0
46.4097,5
46.4098,0
46.4152,4
46.4153,0
46.4207,12
46.4208,0
46.4263,2
46.4263,0
46.4317,13
46.4319,0
46.4374,12
46.4375,0
46.4376,12
46.4377,5
46.4378,0
46.4432,7
46.4433,0
46.4487,15
46.4491,3
46.4492,0
46.4546,11
46.4547,0
46.4601,10
46.4603,0
46.4657,5
46.4658,0
46.4766,13
46.4768,0
46.4822,4
46.4823,0
46.4877,13
46.4878,0
46.4932,1
46.4933,0
46.4987,9
46.4988,0
46.5042,5
46.5043,4
46.5043,0
46.5097,6
46.5098,0
46.5152,2
46.5153,0
46.5207,3
46.5208,0
46.5262,1
46.5262,0
46.5316,8
46.5318,0
46.5372,7
46.5373,0
46.5427,11
46.5428,4
46.5428,0
46.5482,7
46.5486,4
46.5486,0
46.554,7
46.5541,0
46.5595,4
46.5596,1
46.5596,0
46.565,3
46.5651,0
46.5705,3
46.5706,0
46.576,9
46.5761,5
46.5761,0
46.5815,4
46.5816,0
46.587,5
46.5871,0
46.5925,11
46.5926,0
46.598,10
46.5981,7
46.5982,0
46.6036,13
46.6037,3
46.6037,0
46.6092,1
46.6092,0
46.6201,11
46.6202,4
46.6202,0
46.6256,8
46.6257,0
46.6366,2
46.6367,0
46.6421,13
46.6422,0
46.6476,4
46.6477,0
46.6531,5
46.6535,0
46.6589,13
46.659,0
46.6645,11
46.6646,0
46.67,14
46.6701,11
46.6702,0
46.6756,11
46.6757,5
46.6757,0
46.6811,12
46.6813,0
46.6867,11
46.6868,0
46.6922,10
46.6923,7
46.6924,0
46.6978,10
46.6979,0
46.7033,4
46.7034,0
46.7089,10
46.7089,6
46.709,0
46.7091,8
46.7093,0
46.7147,5
46.7147,1
46.7148,0
46.7202,5
46.7203,0
46.7257,6
46.7258,0
46.7312,14
46.7313,0
46.7367,3
46.7368,1
46.7368,0
46.7422,8
46.7423,0
46.7477,10
46.7478,5
46.7479,0
46.7533,3
46.7536,1
46.7536,0
46.759,6
46.7591,0
46.7646,2
46.7646,0
46.77,13
46.7701,12
46.7702,0
46.7756,14
46.7757,8
46.7758,0
46.7812,15
46.7813,6
46.7813,0
46.7868,12
46.7869,1
46.7869,0
46.7978,15
46.7979,2
46.7979,0
46.8033,13
46.8035,0
46.8144,2
46.8144,0
46.8198,6
46.8199,0
46.8253,7
46.8254,5
46.8254,0
46.8309,5
46.8309,0
46.8364,8
46.8364,4
46.8365,0
46.8419,6
46.842,0
46.8474,9
46.8475,5
46.8475,0
46.8529,12
46.8531,0
46.8585,1
46.8588,0
46.8642,11
46.8643,8
46.8644,0
46.8698,3
46.8698,0
46.8752,13
46.8753,10
46.8754,0
46.8808,5
46.8809,0
46.8918,6
46.8919,0
46.8973,10
46.8974,3
46.8974,0
46.9028,5
46.9029,0
46.9083,15
46.9084,10
46.9085,0
46.9139,6
46.914,0
46.9194,11
46.9195,0
46.9249,7
46.925,2
46.925,0
46.9305,13
46.9306,0
46.936,7
46.9361,0
46.9415,3
46.943,1
46.9432,0
46.9486,2
46.9487,0
46.9541,10
46.9542,1
46.9542,0
46.9596,12
46.96,6
46.96,0
46.9654,3
46.9655,0
46.9709,5
46.971,0
46.9819,15
46.982,3
46.9822,1
46.9822,0
46.9876,15
46.9878,0
46.9932,6
46.9933,0
46.9987,5
46.9988,0
47.0042,5
47.0043,4
47.0043,1
47.0098,0
47.0152,3
47.0152,0
47.0206,3
47.0207,0
47.0261,15
47.0263,0
47.0317,14
47.0321,7
47.0323,6
47.0378,0
47.0488,4
47.0489,0
47.0543,13
47.0544,12
47.0545,0
47.0599,11
47.0603,0
47.0657,15
47.0658,13
47.0659,0
47.0713,1
47.0713,0
47.0768,13
47.0769,1
47.0824,0
47.0878,13
47.0879,0
47.0933,2
47.0934,0
47.0988,14
47.099,0
47.1044,11
47.1045,8
47.1045,0
47.1099,8
47.1101,0
47.1155,7
47.1156,0
47.121,15
47.1211,7
47.1212,0
47.1266,8
47.1267,0
47.1321,2
47.1321,0
47.1376,11
47.1379,7
47.138,1
47.1382,0
47.1436,14
47.1437,2
47.1437,0
47.1491,13
47.1493,0
47.1547,13
47.1549,0
47.1603,8
47.1603,5
47.1604,0
47.1658,4
47.1661,2
47.1662,0
47.1716,9
47.1717,0
47.1826,6
47.1826,0
47.1881,15
47.1882,5
47.1882,0
47.1936,1
47.1937,0
47.1991,8
47.1992,0
47.2046,12
47.2048,0
47.2102,8
47.2102,6
47.2103,0
47.2157,7
47.2158,0
47.2212,7
47.2213,6
47.2213,0
47.2267,11
47.2269,0
47.2323,1
47.2323,0
47.2377,10
47.2379,0
47.2433,7
47.2434,0
47.2488,8
47.2489,2
47.2503,0
47.2558,4
47.2559,2
47.2559,0
47.256,6
47.2561,0
47.2615,5
47.2616,0
47.267,7
47.2674,0
47.2728,4
47.2729,3
47.2729,0
47.2783,2
47.2784,0
47.2838,12
47.2839,3
47.2839,0
47.2893,5
47.2894,0
47.2948,3
47.2952,0
47.3006,14
47.3008,13
47.3009,3
47.3009,0
47.3011,9
47.3011,8
47.3066,6
47.3066,0
47.3121,10
47.3121,8
47.3122,0
47.3176,15
47.3177,6
47.3178,0
47.3232,10
47.3233,0
47.3287,7
47.3288,0
47.3342,5
47.3343,0
47.3397,1
47.3398,0
47.3452,3
47.3452,2
47.3454,0
47.3508,13
47.351,1
47.351,0
47.3564,9
47.3565,0
47.3619,9
47.362,5
47.3621,0
47.3675,12
47.3678,11
47.3679,0
47.3733,4
47.3734,0
47.3788,5
47.3789,4
47.3868,0
47.3922,5
47.3923,4
47.3923,3
47.3925,2
47.3925,0
47.3979,14
47.398,11
47.4035,6
47.4035,3
47.4035,0
47.4089,5
47.409,0
47.4144,9
47.4145,3
47.4146,0
47.42,8
47.4201,0
47.4313,14
47.4314,11
47.4315,0
47.4369,5
47.4427,0
47.4428,1
47.4429,0
47.4483,3
47.4483,0
47.4537,14
47.4538,12
47.4539,0
47.4593,1
47.4594,0
47.4648,9
47.4648,8
47.4649,0
47.4703,5
47.4707,0
47.4761,6
47.4762,2
47.4762,0
47.4764,9
47.4765,0
47.4767,9
47.4768,3
47.4768,0
47.477,10
47.4771,0
47.4773,10
47.4773,7
47.4774,0
47.4776,14
47.4777,3
47.4777,0
47.4779,1
47.478,0
47.4781,7
47.4782,0
47.4784,7
47.4785,3
47.4785,0
47.4787,13
47.4788,0
47.479,15
47.4792,0
47.4793,5
47.4794,1
47.4794,0
47.4796,4
47.4797,0
47.4798,14
47.48,3
47.48,0
47.4802,12
47.4803,0
47.4805,4
47.4805,3
47.4805,0
47.4807,5
47.4808,0
47.481,15
47.4811,6
47.4811,0
47.4815,12
47.4816,2
47.4818,1
47.4818,0
47.482,15
47.4822,0
47.4876,11
47.4876,9
47.4877,0
47.4931,2
47.4932,0
47.4986,5
47.4987,0
47.5043,3
47.5044,0
47.5098,7
47.5099,4
47.5099,0
47.5154,13
47.5155,6
47.5155,0
47.5157,8
47.5158,0
47.516,1
47.516,0
47.5162,8
47.5163,0
47.5165,8
47.5166,0
47.5167,6
47.5168,0
47.517,7
47.5171,0
47.5173,13
47.5173,10
47.5174,0
47.5176,14
47.5177,6
47.5178,0
47.5179,4
47.518,0
47.5182,8
47.5183,1
47.5183,0
47.5185,7
47.5186,0
47.5187,14
47.5188,6
47.5189,0
47.5191,15
47.5192,3
47.5192,0
47.5194,13
47.5196,0
47.5197,3
47.5198,2
47.5198,0
47.52,2
47.52,0
47.5202,5
47.5203,0
47.5204,10
47.5205,5
47.5206,0
47.5209,11
47.5211,0
47.5265,15
47.5266,0
47.532,14
47.5321,12
47.5322,3
47.5376,0
47.543,1
47.5431,0
47.5485,5
47.5486,2
47.5486,0
47.554,2
47.554,0
47.5595,14
47.5596,4
47.5596,0
47.5705,9
47.5706,0
47.576,15
47.5764,7
47.5765,0
47.5819,7
47.582,0
47.5874,7
47.5875,0
47.5929,12
47.593,2
47.5931,0
47.5985,12
47.5986,0
47.6041,15
47.6043,0
47.6044,9
47.6045,0
47.6099,14
47.61,6
47.6101,0
47.6155,1
47.6156,0
47.621,14
47.6211,7
47.6211,0
47.6265,10
47.6267,0
47.6321,4
47.6322,0
47.643,12
47.6431,5
47.6432,0
47.6486,15
47.6487,2
47.6488,0
47.6542,2
47.6542,0
47.6597,7
47.6603,0
47.6605,4
47.6606,0
47.6609,11
47.6611,0
47.6612,6
47.6613,0
47.6615,8
47.6616,0
47.6618,14
47.6618,12
47.6619,0
47.6621,4
47.6622,0
47.6623,14
47.6625,0
47.6627,4
47.6628,0
47.6629,7
47.663,0
47.6632,12
47.6633,2
47.6633,0
47.6635,7
47.6636,0
47.6638,1
47.6638,0
47.664,2
47.664,0
47.6642,4
47.6643,0
47.6645,3
47.6645,0
47.6647,12
47.6648,3
47.6648,0
47.665,1
47.6651,0
47.6652,4
47.6653,0
47.6655,4
47.6655,0
47.6657,9
47.6659,7
47.666,3
47.6715,0
47.6716,8
47.6717,0
47.6771,5
47.6775,0
47.6829,14
47.6829,13
47.6831,0
47.6885,10
47.6886,5
47.6886,0
47.694,6
47.6941,0
47.6995,14
47.6996,11
47.6997,0
47.7051,4
47.7052,0
47.7106,9
47.7107,0
47.7161,10
47.7162,3
47.7162,0
47.7217,9
47.7218,0
47.7272,6
47.7272,4
47.7273,0
47.7327,7
47.7328,0
47.7437,10
47.7438,0
47.7492,4
47.7493,0
47.7547,8
47.7548,0
47.7602,15
47.7603,6
47.7604,0
47.7658,4
47.7659,0
47.7713,5
47.7714,1
47.7714,0
47.7768,15
47.7771,9
47.7772,0
47.7826,13
47.7828,5
47.7828,0
47.7882,4
47.7883,0
47.7937,6
47.7938,1
47.7938,0
47.7992,12
47.7994,0
47.8048,9
47.8048,8
47.8049,0
47.8103,10
47.8104,0
47.8158,3
47.8159,0
47.8213,13
47.8214,2
47.8215,0
47.8269,3
47.8269,0
47.8324,8
47.8325,0
47.8379,11
47.838,0
47.8434,13
47.8435,10
47.8436,0
47.849,3
47.8491,0
47.8545,9
47.8545,8
47.8546,0
47.86,3
47.8601,0
47.8655,11
47.8656,8
47.8656,0
47.8765,12
47.8766,6
47.8766,0
47.882,6
47.8824,5
47.8824,0
47.8878,14
47.888,1
47.888,0
47.8934,1
47.8935,0
47.8989,7
47.899,0
47.9044,6
47.9044,5
47.9045,0
47.9099,13
47.91,0
47.9155,6
47.9156,0
47.921,5
47.921,0
47.9265,11
47.9266,0
47.932,7
47.9321,1
47.9321,0
47.9375,6
47.9376,0
47.943,14
47.9431,8
47.9432,0
47.9486,4
47.9487,0
47.9541,4
47.9542,2
47.9542,0
47.9596,10
47.9597,0
47.9651,8
47.9652,6
47.9652,0
47.9706,7
47.9707,0
47.9762,7
47.9762,6
47.9763,0
47.9817,8
47.982,7
47.9821,0
47.9875,9
47.9876,0
47.993,2
47.9931,0
47.9985,6
47.9986,0
48.004,14
48.0049,5
48.0051,1
48.0106,0
48.0109,9
48.011,2
48.011,0
48.0167,2
48.0168,0
48.0277,3
48.0277,0
48.0331,10
48.0332,7
48.0333,0
48.0387,12
48.0388,1
48.0388,0
48.0442,10
48.0444,0
48.0498,15
48.0498,12
48.05,0
48.0554,9
48.0555,4
48.0555,0
48.0609,8
48.061,0
48.0664,4
48.0665,2
48.0665,0
48.0719,1
48.072,0
48.0774,12
48.0775,1
48.0775,0
48.0829,13
48.0831,0
48.0885,9
48.0889,0
48.0943,12
48.0945,0
48.0999,13
48.0999,10
48.1,0
48.1054,8
48.1055,0
48.111,8
48.1111,0
48.1165,4
48.1166,0
48.122,13
48.1221,0
48.1275,1
48.1276,0
48.133,1
48.1331,0
48.1385,12
48.1386,0
48.144,5
48.1441,0
48.1495,9
48.1496,0
48.155,10
48.1552,0
48.1606,8
48.1607,2
48.1607,0
48.1661,3
48.1662,0
48.1716,10
48.1717,1
48.1717,0
48.1771,3
48.1772,0
48.1826,5
48.1832,0
48.1944,13
48.1945,0
48.1999,1
48.2,0
48.2054,1
48.2054,0
48.2108,10
48.211,1
48.211,0
48.2164,4
48.2165,0
48.2219,2
48.2219,0
48.2273,8
48.2274,4
48.2275,0
48.2329,10
48.233,0
48.2384,13
48.2386,0
48.244,1
48.244,0
48.2494,13
48.2496,0
48.255,2
48.2551,0
48.2605,15
48.2606,0
48.2661,10
48.2661,9
48.2662,0
48.2716,4
48.2717,0
48.2771,15
48.2771,14
48.2773,0
48.2827,15
48.2827,12
48.2828,0
48.2883,11
48.2887,0
48.2941,9
48.2941,7
48.2942,0
48.2996,11
48.2997,1
48.2998,0
48.3052,3
48.3052,0
48.3106,12
48.3108,2
48.3108,0
48.3162,15
48.3164,0
48.3272,13
48.3274,0
48.3328,11
48.333,0
48.3384,3
48.3384,0
48.3438,7
48.3439,0
48.3494,6
48.3495,0
48.3549,14
48.355,0
48.3604,13
48.3605,11
48.3606,0
48.366,3
48.3661,0
48.3715,5
48.3716,0
48.377,7
48.3771,0
48.3879,5
48.388,0
48.3934,15
48.3938,14
48.3939,0
48.3993,5
48.3994,2
48.3994,0
48.4048,8
48.4049,0
48.4103,4
48.4104,0
48.4158,12
48.416,0
48.4214,9
48.4214,7
48.4215,0
48.4269,6
48.427,0
48.4324,13
48.4325,12
48.4326,0
48.438,4
48.4381,0
48.4435,6
48.4436,0
48.449,15
48.4491,6
48.4491,0
48.4546,12
48.4547,0
48.4601,4
48.4602,0
48.4656,12
48.4657,2
48.4658,0
48.4712,8
48.4713,0
48.4767,11
48.4768,7
48.4768,0
48.4822,13
48.4824,3
48.4824,0
48.4878,10
48.4879,0
48.4933,8
48.4937,0
48.4991,7
48.4993,0
48.5047,12
48.5048,2
48.5048,0
48.5102,14
48.5104,0
48.5212,8
48.5214,0
48.5268,6
48.5268,2
48.5269,0
48.5323,5
48.5324,0
48.5378,13
48.5379,6
48.5379,0
48.5433,6
48.5434,0
48.5488,15
48.5489,13
48.549,0
48.5544,6
48.5545,1
48.5545,0
48.5599,11
48.5601,0
48.5655,9
48.5655,7
48.5656,0
48.571,7
48.5711,0
48.5765,1
48.5766,0
48.582,10
48.5821,0
48.5875,9
48.5876,7
48.5877,0
48.5931,13
48.5932,2
48.5932,0
48.5986,13
48.6001,9
48.6002,0
48.6057,7
48.6057,5
48.6058,0
48.6059,11
48.6061,0
48.6062,6
48.6063,5
48.6063,0
48.6065,9
48.6066,0
48.6068,6
48.6068,4
48.6069,0
48.607,9
48.6072,0
48.6073,9
48.6074,6
48.6075,0
48.6076,5
48.6077,0
48.6079,6
48.608,0
48.6081,14
48.6083,0
48.6085,15
48.6085,13
48.6086,0
48.6088,3
48.6089,0
48.609,3
48.6091,0
48.6093,4
48.6094,0
48.6095,12
48.6096,2
48.6097,0
48.6098,8
48.6099,0
48.6101,14
48.6102,8
48.6103,0
48.6104,1
48.6105,0
48.6107,2
48.6107,0
48.6109,15
48.611,12
48.6111,0
48.6112,1
48.6113,0
48.6167,13
48.6168,8
48.6168,0
48.6222,13
48.6224,3
48.6224,0
48.6278,1
48.6279,0
48.6333,9
48.6334,0
48.6388,9
48.6389,0
48.6443,5
48.6444,0
48.6498,1
48.6499,0
48.6553,12
48.6554,0
48.6609,8
48.661,0
48.6612,4
48.6612,0
48.6666,1
48.667,0
48.6724,2
48.6727,0
48.6781,7
48.6782,0
48.6836,9
48.6838,0
48.6892,15
48.6893,9
48.6894,0
48.6948,10
48.6949,2
48.6949,0
48.7003,3
48.7007,0
48.7061,15
48.7062,0
48.7171,11
48.7172,0
48.7227,7
48.7227,3
48.7228,0
48.7282,8
48.7283,0
48.7337,15
48.7338,12
48.7339,0
48.7393,11
48.7394,5
48.7394,0
48.7448,5
48.7449,0
48.7503,7
48.7504,3
48.7504,0
48.7558,3
48.7559,0
48.7613,6
48.7614,3
48.7616,0
48.7671,5
48.7671,0
48.7673,5
48.7674,0
48.7728,9
48.7728,8
48.7729,0
48.7783,7
48.7784,0
48.7893,5
48.7894,0
48.7948,5
48.7951,0
48.8005,9
48.801,0
48.8064,2
48.8064,0
48.8118,2
48.8119,0
48.8173,3
48.8174,0
48.8228,8
48.8229,0
48.8283,5
48.8284,0
48.8338,12
48.8339,0
48.8394,1
48.8394,0
48.8448,11
48.845,0
48.8504,8
48.8505,0
48.8559,1
48.8559,0
48.8613,6
48.8614,2
48.8614,0
48.8669,13
48.867,0
48.8724,15
48.8726,0
48.878,2
48.8781,1
48.8781,0
48.8835,13
48.8836,0
48.889,8
48.8892,0
48.9,14
48.9001,8
48.9002,0
48.9056,3
48.9059,0
48.9114,10
48.9115,0
48.9169,1
48.9169,0
48.9224,6
48.9225,0
48.9279,10
48.928,3
48.928,0
48.9334,8
48.9335,0
48.9389,2
48.939,0
48.9444,7
48.9445,0
48.9499,11
48.95,3
48.95,0
48.9555,8
48.9556,0
48.961,15
48.961,12
48.9612,0
48.9666,2
48.9666,0
48.972,9
48.9722,0
48.9776,5
48.9777,0
48.9885,10
48.9886,0
48.9941,14
48.9941,10
48.9942,0
48.9996,11
48.9997,4
48.9998,0
49.0052,6
49.0055,3
49.0056,0
49.011,1
49.011,0
49.0164,15
49.0166,5
49.0166,0
49.022,2
49.0221,0
49.0275,7
49.0276,0
49.033,15
49.0332,0
49.0386,14
49.0388,0
49.0442,15
49.0442,13
49.0443,0
49.0497,2
49.0498,0
49.0552,11
49.0554,0
49.0608,5
49.0609,0
49.0663,8
49.0664,0
49.0718,10
49.0719,4
49.0719,0
49.0773,6
49.0774,0
49.0828,5
49.0829,1
49.0829,0
49.0883,11
49.0885,0
49.0939,7
49.0939,5
49.094,0
49.0994,3
49.0995,0
49.1049,2
49.1049,0
49.1103,9
49.1107,7
49.1116,1
49.117,0
49.1225,9
49.1225,4
49.1226,0
49.128,2
49.128,0
49.1335,8
49.1336,1
49.1336,0
49.139,12
49.1391,0
49.1446,11
49.1447,0
49.1449,4
49.145,2
49.145,0
49.1451,8
49.1453,0
49.1454,12
49.1455,5
49.1456,0
49.1457,5
49.1458,0
49.146,15
49.1461,9
49.1462,0
49.1463,12
49.1465,2
49.1465,0
49.1466,1
49.1467,0
49.1469,4
49.1469,0
49.1471,5
49.1472,0
49.1474,11
49.1475,0
49.1477,6
49.1478,0
49.1479,15
49.1481,0
49.1483,11
49.1483,8
49.1484,0
49.1486,12
49.1487,2
49.1487,0
49.1489,4
49.149,0
49.1491,15
49.1493,4
49.1493,0
49.1497,10
49.1498,0
49.15,4
49.15,3
49.1502,0
49.1504,2
49.1504,0
49.1558,4
49.1559,0
49.1616,6
49.1671,0
49.1672,7
49.1673,0
49.1728,3
49.1728,1
49.1728,0
49.1782,11
49.1784,0
49.1838,12
49.1841,9
49.1844,0
49.1899,8
49.19,0
49.1901,12
49.1902,7
49.1903,0
49.1957,8
49.1958,0
49.2012,6
49.2013,0
49.2067,10
49.2068,0
49.2122,7
49.2126,0
49.2181,12
49.2182,1
49.2182,0
49.2184,5
49.2185,0
49.2187,4
49.2187,0
49.2189,7
49.219,3
49.219,0
49.2192,7
49.2193,0
49.2194,6
49.2195,0
49.2197,13
49.2199,0
49.22,11
49.2201,7
49.2202,0
49.2203,15
49.2205,4
49.2205,0
49.2207,9
49.2208,0
49.221,4
49.221,0
49.2212,12
49.2214,0
49.2215,5
49.2216,1
49.2216,0
49.2218,12
49.2219,0
49.2221,1
49.2221,0
49.2223,12
49.2225,0
49.2226,10
49.2227,3
49.2227,0
49.2229,3
49.223,0
49.2231,15
49.2233,5
49.2233,0
49.2235,8
49.2236,2
49.2291,0
49.2292,1
49.2292,0
49.2347,11
49.2348,0
49.2404,2
49.2404,0
49.2458,12
49.2459,11
49.246,0
49.2514,8
49.2515,2
49.2515,1
49.257,0
49.2624,5
49.2625,0
49.2679,4
49.2679,1
49.268,0
49.2734,5
49.2735,0
49.2789,9
49.2793,1
49.2794,0
49.2849,15
49.2849,13
49.2904,12
49.2904,6
49.2905,0
49.2959,15
49.296,9
49.2961,0
49.3015,1
49.3015,0
49.3069,6
49.307,2
49.3072,1
49.3072,0
49.3127,4
49.313,0
49.3132,7
49.3133,0
49.3187,8
49.3188,2
49.3188,0
49.3242,11
49.3244,0
49.3298,7
49.3298,6
49.3299,0
49.3353,11
49.3353,8
49.3356,0
49.341,1
49.3411,0
49.3465,9
49.3466,0
49.352,8
49.3521,5
49.3521,0
49.3575,11
49.3577,0
49.3631,4
49.3631,1
49.3686,0
49.374,5
49.3741,0
49.3795,5
49.3796,0
49.385,8
49.3854,3
49.3856,0
49.3911,3
49.3911,0
49.3913,13
49.3913,12
49.3914,0
49.3968,1
49.3969,0
49.4023,14
49.4023,13
49.4025,0
49.4079,14
49.4079,12
49.4134,6
49.4135,0
49.419,7
49.4193,0
49.4195,2
49.4196,0
49.4197,1
49.4198,0
49.4199,1
49.42,0
49.4202,7
49.4203,0
49.4204,4
49.4205,0
49.4207,1
49.4207,0
49.4209,14
49.421,3
49.4211,0
49.4212,3
49.4213,0
49.4215,7
49.4216,0
49.4217,12
49.4218,11
49.4219,0
49.422,3
49.4221,0
49.4223,1
49.4223,0
49.4225,13
49.4227,0
49.4228,11
49.4229,6
49.423,0
49.4231,6
49.4232,0
49.4234,7
49.4235,3
49.4235,0
49.4237,8
49.4238,0
49.4239,1
49.424,0
49.4241,2
49.4242,0
49.4244,10
49.4245,0
49.4246,11
49.4248,2
49.4248,0
49.4302,10
49.4303,0
49.4358,2
49.4359,0
49.436,1
49.4361,0
49.4362,14
49.4364,5
49.4364,0
49.4366,10
49.4367,0
49.4369,5
49.4369,4
49.437,0
49.4371,12
49.4373,0
49.4374,2
49.4375,1
49.4375,0
49.4377,1
49.4377,0
49.4379,6
49.438,0
49.4381,11
49.4382,5
49.4383,0
49.4384,5
49.4385,0
49.4387,11
49.4388,5
49.4388,0
49.439,13
49.4392,0
49.4393,3
49.4394,0
49.4396,11
49.4397,0
49.4399,15
49.4399,14
49.44,0
49.4402,6
49.4403,1
49.4403,0
49.4405,10
49.4406,0
49.4408,3
49.4408,0
49.441,4
49.4411,0
49.4412,1
49.4413,0
49.4414,11
49.4416,0
49.447,15
49.4472,0
49.4526,8
49.4526,6
49.4527,0
49.4581,2
49.4581,0
49.4636,13
49.4636,7
49.4637,0
49.4691,1
49.4692,0
49.4746,1
49.4746,0
49.48,15
49.4801,14
49.4802,0
49.4856,8
49.4857,4
49.4857,0
49.4912,3
49.4912,0
49.4966,3
49.4967,0
49.5021,6
49.5022,0
49.5076,15
49.5078,3
49.5078,0
49.5132,8
49.5133,0
49.5187,14
49.5192,1
49.5192,0
49.5246,6
49.5247,0
49.5301,12
49.5302,5
49.5302,0
49.5356,2
49.5357,0
49.5411,12
49.5412,5
49.5413,0
49.5521,14
49.5522,5
49.5523,0
49.5577,13
49.5578,1
49.5579,0
49.5633,13
49.5634,0
49.5688,5
49.5689,0
49.5743,6
49.5744,0
49.5798,10
49.5799,7
49.58,0
49.5854,1
49.5854,0
49.5908,9
49.5909,3
49.591,0
49.5964,5
49.5965,0
49.6019,5
49.602,0
49.6074,12
49.6075,0
49.6129,14
49.613,11
49.6131,0
49.6185,9
49.6186,3
49.6186,0
49.624,13
49.6244,9
49.6245,0
49.6299,5
49.63,0
49.6354,2
49.6354,0
49.6408,2
49.6409,0
49.6463,8
49.6464,0
49.6518,10
49.652,0
49.6574,13
49.6575,7
49.6575,0
49.6629,11
49.6631,0
49.6685,5
49.6686,0
49.674,9
49.6741,0
49.6795,4
49.6796,0
49.685,5
49.6851,0
49.6905,15
49.6906,14
49.6907,0
49.7015,15
49.7017,0
49.7126,10
49.7127,0
49.7181,12
49.7182,6
49.7183,0
49.7237,15
49.724,14
49.7241,0
49.7295,14
49.7296,10
49.7297,0
49.7351,13
49.7352,6
49.7353,0
49.7407,2
49.7408,0
49.7462,2
49.7462,0
49.7516,9
49.7517,8
49.7518,0
49.7572,1
49.7572,0
49.7626,10
49.7627,5
49.7628,0
49.7736,14
49.7737,5
49.7738,0
49.7792,14
49.7793,2
49.7794,0
49.7848,9
49.7849,0
49.7903,1
49.7904,0
49.7958,9
49.7959,0
49.8013,5
49.8014,0
49.8068,11
49.8069,0
49.8123,3
49.8124,0
49.8178,6
49.8179,0
49.8233,11
49.8234,1
49.8235,0
49.8289,10
49.8292,4
49.8293,0
49.8347,13
49.8348,0
49.8403,10
49.8404,0
49.8513,3
49.8513,2
49.8513,0
49.8567,12
49.8569,0
49.8623,2
49.8624,0
49.8732,11
49.8734,0
49.8788,8
49.8789,0
49.8843,7
49.8844,0
49.8898,5
49.8899,0
49.8953,10
49.8954,1
49.8954,0
49.9008,13
49.901,0
49.9064,9
49.9065,0
49.9119,10
49.912,2
49.9121,0
49.9175,13
49.9176,0
49.923,14
49.9232,0
49.9286,3
49.929,0
49.9344,9
49.9345,3
49.9345,0
49.9399,13
49.9401,0
49.9455,4
49.9456,0
49.951,10
49.9511,0
49.9565,14
49.9567,0
49.9621,15
49.9621,14
49.9623,0
49.9677,12
49.9677,8
49.9678,0
49.9732,4
49.9733,0
49.9787,8
49.9788,6
49.9788,0
49.9842,15
49.9844,4
49.9844,0
49.9898,12
49.99,0
49.9954,13
49.9955,0
50.001,8
50.001,5
50.0011,0
50.0065,1
50.0065,0
50.0119,11
50.012,4
50.0121,0
50.0175,7
50.0176,0
50.023,10
50.0231,7
50.0231,0
50.0285,14
50.0287,3
50.0287,0
50.0341,15
50.0345,11
50.0346,0
50.04,13
50.0401,7
50.0401,0
50.0456,1
50.0456,0
50.051,8
50.0511,2
50.0511,0
50.0565,7
50.0566,0
50.062,7
50.0621,2
50.0622,0
50.0676,5
50.0677,0
50.0731,4
50.0731,0
50.0785,11
50.0787,0
50.0841,12
50.0842,6
50.0842,0
50.0897,6
50.0898,0
50.0952,13
50.0952,11
50.0953,0
50.1007,15
50.1008,9
50.1009,0
50.1063,11
50.1064,2
50.1065,0
50.1119,13
50.112,0
50.1174,2
50.1175,0
50.1229,1
50.123,0
50.1284,15
50.1285,5
50.1285,0
50.1339,11
50.1343,9
50.1344,0
50.1398,9
50.1399,1
50.1399,0
50.1453,14
50.1455,0
50.1509,3
50.151,0
50.1564,2
50.1564,0
50.1618,2
50.1619,0
50.1673,3
50.1674,1
50.1674,0
50.1837,2
50.1837,0
50.1892,2
50.1892,0
50.1946,7
50.1947,0
50.2001,2
50.2002,0
50.2056,10
50.2057,6
50.2057,0
50.2111,12
50.2113,0
50.2167,11
50.2168,0
50.2223,9
50.2223,6
50.2224,0
50.2278,15
50.2279,4
50.228,0
50.2334,3
50.2334,0
50.2389,14
50.2393,0
50.2447,6
50.2448,0
50.2502,13
50.2504,2
50.2504,0
50.2558,4
50.2559,0
50.2613,7
50.2614,0
50.2668,10
50.2669,0
50.2723,9
50.2724,4
50.2724,0
50.2779,6
50.278,0
50.2834,8
50.2834,4
50.2835,0
50.2943,7
50.2944,0
50.2998,4
50.2999,0
50.3053,9
50.3055,0
50.3109,11
50.3109,10
50.311,0
50.3164,12
50.3165,5
50.3166,0
50.322,10
50.3221,0
50.333,9
50.3331,0
50.3385,12
50.3389,0
50.3443,15
50.3445,0
50.3499,15
50.35,14
50.3501,0
50.3555,14
50.3556,10
50.3557,0
50.3611,10
50.3612,3
50.3612,0
50.3666,5
50.3667,0
50.3721,14
50.3722,8
50.3723,0
50.3777,10
50.3778,1
50.3778,0
50.3832,4
50.3833,0
50.3887,14
50.3889,5
50.3889,0
50.3943,2
50.3944,0
50.3998,11
50.3999,4
50.3999,0
50.4053,5
50.4054,0
50.4108,14
50.4109,9
50.411,0
50.4164,11
50.4165,2
50.4165,0
50.422,6
50.422,0
50.4275,14
50.4275,9
50.4276,0
50.433,11
50.4332,2
50.4332,0
50.4386,7
50.4389,2
50.439,0
50.4444,12
50.4456,0
50.451,14
50.4511,13
50.4512,6
50.4514,0
50.4569,7
50.457,0
50.4571,2
50.4572,0
50.4574,1
50.4574,0
50.4576,15
50.4576,12
50.4577,0
50.4579,13
50.458,6
50.4581,0
50.4582,3
50.4583,0
50.4585,10
50.4586,3
50.4586,0
50.4588,10
50.4589,0
50.4591,10
50.4591,6
50.4592,0
50.4594,6
50.4595,0
50.4596,8
50.4597,4
50.4597,0
50.4599,10
50.46,0
50.4602,2
50.4603,0
50.4606,4
50.4607,0
50.4609,10
50.461,0
50.4614,8
50.4615,0
50.4617,13
50.4617,6
50.4618,0
50.462,2
50.462,0
50.4622,15
50.4623,7
50.4624,0
50.4625,14
50.4627,0
50.4681,1
50.4681,0
50.4736,12
50.4737,0
50.4791,11
50.4793,0
50.4847,2
50.4847,0
50.4901,5
50.4902,0
50.4959,4
50.4959,0
50.5014,5
50.5014,0
50.5069,10
50.507,0
50.5124,13
50.5126,0
50.518,8
50.518,7
50.5181,0
50.5235,13
50.5236,3
50.5236,0
50.5291,2
50.5291,0
50.5345,2
50.5346,0
50.54,14
50.5401,10
50.5402,0
50.5456,2
50.5459,0
50.5568,13
50.5569,4
50.5569,0
50.5623,15
50.5625,2
50.5625,0
50.5679,15
50.5681,0
50.5735,9
50.5736,0
50.579,6
50.5791,1
50.5791,0
50.5845,15
50.5847,0
50.5901,11
50.5903,0
50.5957,15
50.5958,10
50.5959,0
50.6013,6
50.6014,0
50.6016,6
50.6017,0
50.6071,1
50.6071,0
50.618,9
50.6181,0
50.6235,7
50.6236,0
50.629,10
50.6292,0
50.6346,10
50.6346,6
50.6347,0
50.6401,14
50.6402,3
50.6403,0
50.6457,8
50.646,4
50.6461,0
50.6515,1
50.6515,0
50.657,1
50.657,0
50.6624,8
50.6625,3
50.6625,0
50.6679,13
50.6681,0
50.6735,2
50.6736,0
50.679,11
50.6791,0
50.6845,3
50.6846,0
50.69,5
50.6901,0
50.6955,12
50.6956,7
50.6956,0
50.7011,9
50.7012,0
50.7066,6
50.7067,0
50.7121,5
50.7122,0
50.723,2
50.7231,0
50.7285,1
50.7286,0
50.734,1
50.734,0
50.7394,5
50.7395,1
50.7395,0
50.7449,12
50.7451,0
50.7505,5
50.7509,0
50.7563,10
50.7563,7
50.7564,0
50.7618,3
50.7619,0
50.7673,10
50.7673,6
50.7674,0
50.7728,14
50.773,3
50.773,0
50.7838,9
50.784,0
50.7894,6
50.7895,0
50.7949,15
50.795,5
50.7951,0
50.8005,13
50.8006,1
50.8006,0
50.806,8
50.8062,0
50.8116,9
50.8116,4
50.8117,0
50.8171,3
50.8172,0
50.8226,1
50.8226,0
50.828,8
50.8281,5
50.8281,0
50.8336,4
50.8336,0
50.839,13
50.8391,8
50.8392,0
50.8446,2
50.8447,0
50.8501,11
50.8505,0
50.8559,2
50.856,0
50.8614,11
50.8615,0
50.8669,4
50.867,3
50.867,0
50.8724,15
50.8726,1
50.8726,0
50.8835,13
50.8836,0
50.889,10
50.8892,0
50.8946,8
50.8946,4
50.8947,0
50.9001,15
50.9002,2
50.9003,0
50.9111,14
50.9113,2
50.9113,0
50.9167,9
50.9168,0
50.9222,14
50.9223,11
50.9224,0
50.9278,2
50.9279,0
50.9333,1
50.9333,0
50.9387,7
50.9388,0
50.9443,15
50.9444,8
50.9444,0
50.9498,12
50.95,3
50.95,0
50.9554,12
50.9558,8
50.9558,0
50.9612,9
50.9614,0
50.9668,2
50.9668,0
50.9722,5
50.9723,0
50.9777,5
50.9778,1
50.9778,0
50.9832,14
50.9834,0
50.9888,8
50.9889,0
50.9943,13
50.9944,4
50.9945,0
50.9999,2
51,0
51.0054,8
51.0055,0
51.0109,11
51.011,0
51.0164,15
51.0165,12
51.0166,0
51.022,5
51.0221,0
51.0275,13
51.0277,0
51.0331,14
51.0331,13
51.0333,0
51.0387,11
51.0387,7
51.0388,0
51.0442,10
51.0443,0
51.0552,11
51.0556,7
51.0556,0
51.061,7
51.0611,0
51.0666,10
51.0667,0
51.0721,11
51.0722,3
51.0722,0
51.0776,15
51.0778,1
51.0778,0
51.0832,3
51.0833,0
51.0887,6
51.0888,0
51.0942,15
51.0944,0
51.0998,15
51.0999,12
51.1,0
51.1054,1
51.1054,0
51.1108,12
51.1109,11
51.111,0
51.1164,6
51.1165,0
51.1219,14
51.1221,0
51.1275,11
51.1276,0
51.133,12
51.1331,5
51.1332,0
51.1386,4
51.1387,0
51.1441,12
51.1442,8
51.1442,0
51.1496,10
51.1498,0
51.1552,9
51.1552,8
51.1556,4
51.1556,0
51.161,7
51.1611,0
51.1665,13
51.1666,10
51.1667,0
51.1721,11
51.1722,3
51.1722,0
51.1776,4
51.1777,0
51.1831,5
51.1832,0
51.1886,1
51.1887,0
51.1941,14
51.1943,0
51.1997,13
51.1998,0
51.2052,12
51.2053,10
51.2054,0
51.2108,8
51.2109,1
51.2109,0
51.2163,15
51.2165,0
51.2219,3
51.222,0
51.2328,2
51.2329,0
51.2383,9
51.2384,6
51.2384,0
51.2438,14
51.244,2
51.244,0
51.2494,9
51.2495,0
51.2604,10
51.2608,0
51.2662,13
51.2664,0
51.2718,7
51.2718,6
51.2719,0
51.2773,7
51.2774,0
51.2828,5
51.2828,4
51.2829,0
51.2883,9
51.2884,0
51.2938,9
51.2939,8
51.294,0
51.2994,11
51.2995,2
51.2995,0
51.3049,13
51.3051,0
51.3105,3
51.3106,0
51.316,9
51.3161,0
51.3216,4
51.3216,0
51.3218,7
51.3219,0
51.3273,7
51.3273,6
51.3274,0
51.3328,13
51.3329,2
51.333,0
51.3384,8
51.3385,0
51.3493,5
51.3494,4
51.3494,0
51.3548,1
51.3549,0
51.3603,15
51.3608,0
51.3662,4
51.3663,0
51.3719,4
51.372,0
51.3774,3
51.3774,2
51.3775,0
51.3829,3
51.3829,0
51.3883,15
51.3885,6
51.3885,0
51.3939,1
51.394,0
51.4048,2
51.4049,0
51.4103,1
51.4104,0
51.4158,9
51.4159,0
51.4213,12
51.4213,10
51.4214,0
51.4269,3
51.4269,0
51.4323,11
51.4324,10
51.4325,0
51.4379,10
51.438,3
51.438,0
51.4434,12
51.4449,11
51.4451,7
51.4451,1
51.4506,0
51.456,3
51.4561,0
51.4615,6
51.4616,0
51.467,13
51.4673,12
51.4674,9
51.4676,6
51.4731,0
51.4785,2
51.4785,0
51.4839,1
51.484,0
51.4894,4
51.4895,0
51.4949,14
51.495,7
51.4951,0
51.5005,15
51.5006,5
51.5006,0
51.5061,7
51.5064,5
51.5066,3
51.5066,0
51.512,13
51.5122,0
51.5176,10
51.5177,2
51.5232,0
51.5286,6
51.5286,5
51.5287,0
51.5341,3
51.5342,0
51.5396,9
51.5397,3
51.5397,0
51.5451,1
51.5452,0
51.5506,3
51.5506,0
51.556,1
51.5561,0
51.5615,14
51.5617,0
51.5671,4
51.5674,0
51.5728,2
51.5729,0
51.5838,3
51.5838,0
51.5892,4
51.5896,3
51.5896,0
51.595,5
51.5951,0
51.6005,5
51.6006,1
51.6008,0
51.6062,13
51.6063,0
51.6172,6
51.6173,0
51.6227,4
51.6228,0
51.6282,4
51.6283,0
51.6337,7
51.6338,0
51.6392,10
51.6393,3
51.6393,0
51.6447,15
51.6448,12
51.6503,6
51.6503,5
51.6504,0
51.6558,11
51.6559,0
51.6614,7
51.6615,0
51.6616,10
51.6617,4
51.6618,0
51.6672,15
51.6672,12
51.6676,0
51.6731,13
51.6733,0
51.6734,2
51.6735,0
51.6737,14
51.6738,0
51.674,6
51.6741,3
51.6741,0
51.6742,5
51.6743,0
51.6745,13
51.6746,4
51.6747,0
51.6748,9
51.6749,0
51.6751,1
51.6752,0
51.6753,3
51.6755,0
51.6756,11
51.6757,4
51.6812,0
51.6814,13
51.6815,0
51.6869,6
51.687,0
51.6924,2
51.6925,0
51.6979,9
51.698,6
51.698,0
51.7089,9
51.709,3
51.7093,2
51.7095,0
51.7149,1
51.7149,0
51.7204,14
51.7204,12
51.7205,0
51.7259,4
51.726,0
51.7314,13
51.7315,3
51.737,0
51.7424,15
51.7426,0
51.748,11
51.7481,10
51.7482,0
51.7536,14
51.7537,8
51.7539,5
51.7539,0
51.7593,10
51.7594,2
51.7649,1
51.7649,0
51.7704,6
51.7708,0
51.7709,3
51.771,0
51.7765,13
51.7767,3
51.7767,0
51.7821,2
51.7822,0
51.7876,9
51.7877,0
51.7931,3
51.7932,0
51.7986,13
51.799,0
51.8045,5
51.81,0
51.8101,6
51.8102,0
51.8157,3
51.8157,0
51.8212,13
51.8213,1
51.8214,0
51.8215,12
51.8216,0
51.8271,12
51.8271,7
51.8272,0
51.8381,10
51.8382,3
51.8382,0
51.8436,8
51.8437,0
51.8491,11
51.8492,8
51.8493,0
51.8547,5
51.8548,0
51.8602,12
51.8602,11
51.8603,0
51.8657,15
51.8658,9
51.8659,0
51.8713,4
51.8716,1
51.8716,0
51.8771,3
51.8774,0
51.8776,9
51.8777,0
51.8831,1
51.8832,0
51.8886,7
51.8886,6
51.8887,0
51.8941,7
51.8942,0
51.8996,2
51.8997,1
51.8997,0
51.9051,3
51.9051,0
51.9106,6
51.9107,0
51.9161,3
51.9161,2
51.9161,0
51.9215,1
51.9216,0
51.927,8
51.9271,0
51.9325,13
51.9327,0
51.9381,13
51.9382,9
51.9382,0
51.9437,13
51.9438,5
51.9438,0
51.9492,8
51.9493,6
51.9496,0
51.955,15
51.9552,5
51.9552,0
51.9606,4
51.9607,0
51.9662,1
51.9662,0
51.9664,13
51.9665,0
51.9719,12
51.972,10
51.9721,0
51.9776,15
51.978,4
51.978,0
51.9782,15
51.9783,1
51.9784,0
51.9785,12
51.9787,0
51.9788,13
51.9789,9
51.979,0
51.9792,12
51.9793,3
51.9793,0
51.9795,11
51.9796,0
51.9798,7
51.9798,4
51.9799,0
51.98,13
51.9802,0
51.9804,10
51.9805,0
51.9807,7
51.9808,0
51.9809,9
51.9811,0
51.9812,14
51.9813,6
51.9814,0
51.9816,11
51.9817,0
51.9819,6
51.982,0
51.9821,5
51.9822,0
51.9824,8
51.9825,3
51.9825,0
51.9827,7
51.9828,0
51.9831,15
51.9832,11
51.9833,0
51.9835,1
51.9835,0
51.9837,13
51.9838,6
51.9838,0
51.9893,11
51.9894,6
51.9894,0
51.9896,5
51.9897,0
51.9951,3
51.9951,0
52.0005,2
52.0006,0
52.006,1
52.0061,0
52.0169,4
52.017,0
52.0224,9
52.0225,0
52.0279,10
52.0281,1
52.0281,0
52.0335,2
52.0335,0
52.039,1
52.039,0
52.0444,15
52.0445,9
52.0446,0
52.05,12
52.0501,3
52.0502,0
52.0556,10
52.0557,0
52.0611,4
52.0611,3
52.0612,0
52.0666,2
52.0666,0
52.0721,10
52.0722,1
52.0722,0
52.0888,1
52.0888,0
52.0942,7
52.0943,0
52.0998,9
52.0998,4
52.0999,0
52.1053,14
52.1054,1
52.1055,0
52.1109,13
52.111,0
52.1164,5
52.1165,0
52.1219,9
52.1221,0
52.1275,1
52.1275,0
52.1329,11
52.1331,0
52.1385,4
52.1385,2
52.1386,0
52.144,6
52.1441,0
52.1495,15
52.1496,9
52.1496,0
52.155,15
52.1552,7
52.1552,0
52.1606,3
52.1607,0
52.1661,4
52.1662,0
52.1716,11
52.1717,0
52.1772,10
52.1772,7
52.1773,0
52.1827,5
52.1831,0
52.1885,5
52.1886,0
52.194,3
52.194,0
52.1994,13
52.1996,0
52.205,8
52.2051,6
52.2051,0
52.2105,7
52.2106,0
52.216,1
52.2161,0
52.2215,10
52.2216,0
52.227,4
52.2271,0
52.2325,11
52.2327,0
52.2381,10
52.2382,7
52.2382,0
52.2491,6
52.2492,0
52.2546,13
52.2547,0
52.2602,3
52.2602,1
52.2602,0
52.2656,1
52.2657,0
52.2711,7
52.2712,0
52.2766,4
52.2767,3
52.2767,0
52.2821,4
52.2824,0
52.2879,8
52.288,0
52.2934,11
52.2935,5
52.2935,0
52.2989,4
52.299,0
52.3044,2
52.3045,0
52.3099,11
52.31,0
52.3154,6
52.3155,0
52.3209,9
52.3211,0
52.3265,4
52.3266,0
52.332,12
52.3321,0
52.3375,12
52.3376,9
52.3377,0
52.3431,13
52.3432,4
52.3432,0
52.3486,9
52.3488,0
52.3542,11
52.3542,10
52.3543,0
52.3597,12
52.3598,5
52.3599,0
52.3653,8
52.3654,0
52.3708,8
52.3709,7
52.3709,0
52.3763,6
52.3764,0
52.3873,15
52.3877,7
52.3877,0
52.3932,3
52.3932,0
52.3986,13
52.3987,9
52.3988,0
52.4042,6
52.4043,0
52.4097,5
52.4098,0
52.4152,1
52.4153,0
52.4207,2
52.4207,0
52.4261,10
52.4262,9
52.4263,0
52.4317,15
52.4318,6
52.4319,0
52.4373,5
52.4373,0
52.4428,12
52.4428,9
52.4429,0
52.4483,4
52.4484,0
52.4538,10
52.4538,9
52.4539,0
52.4593,2
52.4594,0
52.4648,14
52.4649,11
52.465,0
52.4704,1
52.4704,0
52.4758,10
52.4759,8
52.476,0
52.4814,3
52.4815,0
52.4981,8
52.4981,2
52.4982,0
52.5036,2
52.5036,0
52.509,13
52.5092,3
52.5092,0
52.5146,9
52.5147,0
52.5201,11
52.5202,9
52.5203,0
52.5257,12
52.5258,4
52.5258,0
52.5313,12
52.5314,0
52.5369,15
52.537,3
52.537,0
52.5372,11
52.5373,0
52.5428,4
52.5429,0
52.543,5
52.5431,0
52.554,15
52.554,12
52.5541,0
52.5596,15
52.5596,10
52.5597,0
52.5651,7
52.5652,0
52.5761,12
52.5763,0
52.5817,7
52.5818,0
52.5872,10
52.5873,0
52.5928,11
52.5932,0
52.5933,4
52.5934,0
52.6043,11
52.6044,0
52.6098,11
52.6099,5
52.61,0
52.6154,3
52.6154,0
52.6209,13
52.6209,7
52.621,0
52.6264,15
52.6266,5
52.6266,0
52.632,2
52.6321,0
52.6375,2
52.6375,0
52.6429,10
52.643,8
52.6431,0
52.6485,6
52.6486,0
52.654,15
52.6542,0
52.6596,3
52.6596,1
52.6596,0
52.6651,10
52.6652,0
52.676,1
52.6761,0
52.6815,9
52.6816,0
52.687,4
52.6871,0
52.6925,15
52.6929,9
52.693,0
52.6984,14
52.6985,5
52.6986,0
52.704,13
52.7041,1
52.7041,0
52.7095,3
52.7096,0
52.715,7
52.7151,0
52.7205,4
52.7206,0
52.726,8
52.7261,0
52.7315,12
52.7316,10
52.7317,0
52.7371,11
52.7372,4
52.7372,0
52.7427,6
52.7427,0
52.7482,6
52.7482,2
52.7483,0
52.7537,9
52.7538,0
52.7592,1
52.7592,0
52.7647,1
52.7647,0
52.7702,12
52.7703,4
52.7703,0
52.7705,1
52.7705,0
52.7759,1
52.776,0
52.7868,3
52.7869,0
52.7923,11
52.7925,0
52.7979,13
52.7983,0
52.8037,2
52.8038,0
52.8092,6
52.8093,0
52.8147,6
52.8148,1
52.8148,0
52.8256,14
52.8258,1
52.8258,0
52.8312,11
52.8314,0
52.8368,10
52.8368,8
52.8369,0
52.8423,10
52.8424,0
52.8479,8
52.848,0
52.8534,1
52.8534,0
52.8588,12
52.8589,11
52.859,0
52.8698,3
52.8699,0
52.8753,13
52.8755,0
52.8809,7
52.8809,6
52.881,0
52.8864,7
52.8865,0
52.8919,8
52.892,7
52.892,0
52.8974,8
52.8978,0
52.9033,8
52.9034,5
52.9034,0
52.9036,10
52.9037,0
52.9091,15
52.9092,13
52.9093,0
52.9147,8
52.9148,3
52.9148,0
52.9202,8
52.9203,0
52.9257,10
52.9258,7
52.9259,0
52.9313,13
52.9314,3
52.9314,0
52.9368,13
52.937,0
52.9424,4
52.9425,0
52.9533,12
52.9535,4
52.9535,0
52.9589,6
52.959,0
52.9644,14
52.9645,10
52.9646,0
52.97,6
52.9701,0
52.9755,11
52.9756,0
52.981,14
52.9811,10
52.9812,0
52.9866,4
52.9867,0
52.9921,1
52.9922,0
53.003,11
53.0034,8
53.0034,0
53.0088,5
53.0089,0
53.0143,14
53.0144,13
53.0145,0
53.0199,11
53.02,7
53.0201,0
53.0255,8
53.0256,0
53.031,15
53.0312,0
53.0366,9
53.0366,7
53.0367,0
53.0422,14
53.0422,11
53.0423,0
53.0425,15
53.0426,4
53.0427,0
53.0481,8
53.0482,0
53.0536,12
53.0536,11
53.0537,0
53.0592,5
53.0592,0
53.0646,8
53.0648,0
53.0702,8
53.0703,0
53.0757,15
53.0759,0
53.0813,10
53.0814,0
53.0868,15
53.0869,9
53.087,0
53.0925,7
53.0925,5
53.0926,0
53.0982,7
53.0983,0
53.1037,2
53.104,0
53.1094,3
53.1095,0
53.1149,9
53.115,8
53.115,0
53.1204,12
53.1206,3
53.1206,0
53.126,6
53.1261,0
53.1315,2
53.1316,0
53.137,5
53.1371,0
53.1425,10
53.1426,0
53.148,11
53.1481,0
53.1536,1
53.1536,0
53.159,13
53.1591,12
53.1592,0
53.1646,11
53.1647,6
53.1647,0
53.1701,4
53.1702,0
53.1756,9
53.1757,5
53.1757,0
53.1812,15
53.1813,3
53.1813,0
53.1867,13
53.1869,0
53.1923,10
53.1924,0
53.1978,9
53.1979,3
53.198,0
53.2034,12
53.2037,8
53.2038,0
53.2092,4
53.2093,0
53.2147,12
53.2148,10
53.2149,0
53.2203,2
53.2203,0
53.2257,9
53.2258,7
53.2259,0
53.2313,2
53.2313,0
53.2367,11
53.2368,6
53.2369,0
53.2423,9
53.2424,0
53.2478,6
53.2479,0
53.2533,15
53.2535,5
53.2535,0
53.2589,15
53.2591,3
53.2591,0
53.2645,5
53.2646,0
53.2754,1
53.2755,0
53.2809,5
53.281,0
53.2864,14
53.2865,3
53.2866,0
53.292,3
53.292,0
53.2975,8
53.2976,0
53.303,3
53.303,0
53.3085,15
53.3089,0
53.3143,10
53.3144,7
53.3145,0
53.3199,4
53.3199,0
53.3254,8
53.3254,5
53.3255,0
53.3309,11
53.331,0
53.3364,12
53.3366,0
53.342,10
53.342,7
53.3421,0
53.3475,15
53.3477,5
53.3477,0
53.3531,4
53.3532,0
53.3586,15
53.3587,10
53.3588,0
53.3642,3
53.3643,0
53.3751,5
53.3752,0
53.3806,11
53.3807,1
53.3807,0
53.3862,6
53.3863,0
53.3917,10
53.3918,3
53.3918,0
53.3972,14
53.3974,0
53.4082,15
53.4086,11
53.4087,0
53.4141,6
53.4142,0
53.4196,7
53.4197,0
53.4251,11
53.4252,4
53.4253,0
53.4307,2
53.4307,0
53.4361,15
53.4363,7
53.4363,0
53.4417,9
53.4418,0
53.4473,2
53.4473,0
53.4527,10
53.4529,0
53.4583,1
53.4583,0
53.4638,8
53.4639,0
53.464,14
53.4641,12
53.4642,0
53.4696,11
53.4697,5
53.4698,0
53.4752,4
53.4752,0
53.4807,6
53.4807,1
53.4808,0
53.4862,6
53.4863,0
53.4917,14
53.4918,7
53.4918,0
53.4972,2
53.4973,0
53.5027,15
53.5028,10
53.5029,0
53.5083,14
53.5084,7
53.5085,0
53.5139,15
53.5143,0
53.5197,2
53.5198,0
53.5252,2
53.5253,0
53.5307,3
53.5307,0
53.5362,2
53.5362,0
53.5416,10
53.5417,9
53.5418,0
53.5472,12
53.5473,4
53.5473,0
53.5527,6
53.5528,0
53.5637,6
53.5637,5
53.5638,0
53.5692,3
53.5693,0
53.5747,7
53.5748,2
53.5748,0
53.587,11
53.5871,4
53.5871,0
53.5925,15
53.5927,2
53.5927,0
53.5981,13
53.5983,0
53.6037,7
53.6038,0
53.6092,12
53.6093,2
53.6094,0
53.6148,2
53.6151,0
53.626,3
53.626,0
53.6314,12
53.6316,2
53.6316,0
53.637,10
53.6371,0
53.6425,8
53.6426,6
53.6427,0
53.6481,15
53.6482,3
53.6482,0
53.6537,2
53.6537,0
53.6591,8
53.6592,0
53.6646,1
53.6647,0
53.6701,10
53.6702,0
53.6756,3
53.6757,0
53.6811,9
53.6812,0
53.6921,5
53.6922,0
53.6976,8
53.6977,0
53.7031,12
53.7033,0
53.7087,1
53.7087,0
53.7141,14
53.7142,13
53.7143,0
53.7197,1
53.7201,0
53.7255,2
53.7255,0
53.7309,15
53.731,11
53.7311,0
53.7365,3
53.7366,0
53.742,3
53.7421,0
53.7475,10
53.7476,0
53.753,11
53.7531,10
53.7532,0
53.7586,11
53.7587,3
53.7587,0
53.7641,2
53.7642,0
53.7696,7
53.7697,0
53.7751,15
53.7753,0
53.7807,1
53.7807,0
53.7861,7
53.7862,0
53.7917,7
53.7918,0
53.792,8
53.7921,0
53.7975,4
53.7975,1
53.7976,0
53.803,12
53.8031,0
53.8085,12
53.8086,11
53.8087,0
53.8141,9
53.8142,3
53.8142,0
53.8196,2
53.82,0
53.8254,11
53.8255,0
53.831,2
53.831,0
53.8312,2
53.8312,0
53.8367,2
53.8367,0
53.8421,4
53.8422,0
53.8476,11
53.8477,0
53.8532,2
53.8532,0
53.8586,8
53.8587,0
53.8696,4
53.8697,0
53.8751,14
53.8753,0
53.8807,7
53.8807,5
53.8808,0
53.8862,10
53.8863,0
53.8917,13
53.8919,0
53.8973,12
53.8974,8
53.8974,0
53.9028,11
53.903,2
53.903,0
53.9084,14
53.9086,0
53.914,13
53.9141,0
53.9195,3
53.9196,1
53.9196,0
53.925,12
53.9254,6
53.9255,0
53.9309,9
53.931,0
53.9364,6
53.9365,0
53.9419,2
53.942,0
53.9474,4
53.9474,0
53.9529,2
53.9529,0
53.9583,13
53.9585,0
53.9639,2
53.964,0
53.9694,7
53.9695,0
53.9749,2
53.9749,0
53.9858,7
53.9859,0
53.9913,4
53.9914,1
53.9914,0
53.9968,6
53.9969,0
54.0023,5
54.0024,0
54.0078,8
54.0079,0
54.0133,8
54.0134,0
54.0188,14
54.019,0
54.0244,14
54.0248,3
54.0249,0
54.0303,2
54.0303,0
54.0357,5
54.0358,0
54.0412,10
54.0414,0
54.0468,2
54.0468,0
54.0523,2
54.0523,0
54.0577,5
54.0578,0
54.0632,12
54.0633,3
54.0634,0
54.0688,13
54.0689,0
54.0743,10
54.0745,0
54.0799,5
54.08,0
54.0867,15
54.0868,0
54.0922,10
54.0923,8
54.0924,0
54.1032,2
54.1033,0
54.1087,14
54.1088,13
54.1089,0
54.1143,10
54.1147,0
54.1256,12
54.126,3
54.126,0
54.1368,14
54.137,3
54.137,0
54.1424,7
54.1425,0
54.1479,6
54.148,2
54.148,0
54.1534,11
54.1536,0
54.159,1
54.159,0
54.1644,7
54.1646,0
54.17,5
54.1701,0
54.1755,10
54.1756,0
54.181,1
54.1813,0
54.1867,11
54.1869,0
54.1923,7
54.1923,6
54.1924,0
54.1978,8
54.1979,0
54.2033,3
54.2034,0
54.2088,9
54.2089,0
54.2143,2
54.2146,0
54.2201,1
54.2201,0
54.2256,14
54.2257,0
54.2259,14
54.2259,11
54.2261,0
54.2315,7
54.2327,5
54.2327,0
54.2329,2
54.2329,0
54.2383,3
54.2384,0
54.2439,12
54.244,0
54.2442,12
54.2443,5
54.2443,0
54.2497,3
54.2498,0
54.2552,2
54.2553,0
54.2607,14
54.2607,13
54.2608,0
54.2662,7
54.2663,3
54.2664,0
54.2718,5
54.2718,0
54.2773,13
54.2773,7
54.2774,0
54.2828,2
54.2829,0
54.2937,3
54.2938,1
54.2938,0
54.2992,14
54.2994,0
54.3048,13
54.305,0
54.3104,2
54.3104,0
54.3267,14
54.3269,2
54.3269,0
54.3323,15
54.3327,10
54.3328,0
54.3382,2
54.3382,0
54.3436,13
54.3437,11
54.3438,0
54.3492,9
54.3493,3
54.3493,0
54.3547,11
54.3549,0
54.3603,5
54.3604,0
54.3658,3
54.3659,0
54.3713,1
54.3713,0
54.3822,14
54.3824,0
54.3878,9
54.3878,7
54.3879,0
54.3933,2
54.3934,0
54.3988,8
54.3988,4
54.3989,0
54.4043,13
54.4044,0
54.4153,10
54.4154,0
54.4208,2
54.4209,1
54.4209,0
54.4263,12
54.4265,0
54.4373,3
54.4377,0
54.4431,15
54.4431,13
54.4433,0
54.4487,14
54.4487,10
54.4488,0
54.4542,11
54.4544,3
54.4544,0
54.4598,12
54.4599,0
54.4654,15
54.4655,0
54.4709,6
54.471,5
54.471,0
54.4764,2
54.4765,0
54.482,9
54.4821,0
54.4822,1
54.4823,0
54.4877,10
54.4878,2
54.4878,0
54.4932,6
54.4933,0
54.4987,6
54.4988,0
54.5097,3
54.5098,0
54.5152,11
54.5153,3
54.5153,0
54.5207,13
54.5209,0
54.5263,7
54.5264,0
54.5318,9
54.5327,6
54.5327,0
54.5439,14
54.544,0
54.5495,2
54.5496,0
54.5497,14
54.5499,1
54.5499,0
54.5553,2
54.5553,0
54.5608,2
54.5608,0
54.5662,15
54.5663,9
54.5664,0
54.5773,13
54.5773,8
54.5774,0
54.5828,15
54.5829,6
54.583,0
54.5884,9
54.5885,0
54.5939,7
54.5941,0
54.5995,7
54.5996,0
54.605,3
54.605,0
54.6105,14
54.6106,1
54.6106,0
54.616,10
54.6162,0
54.627,13
54.6272,0
54.6326,2
54.6327,0
54.6381,9
54.6385,0
54.6439,6
54.644,0
54.6494,14
54.6495,6
54.6495,0
54.655,2
54.655,0
54.6604,8
54.6605,2
54.6605,0
54.6659,2
54.666,0
54.6714,1
54.6715,0
54.6769,15
54.677,9
54.6771,0
54.6825,6
54.6826,0
54.688,1
54.688,0
54.6934,3
54.6935,0
54.6989,2
54.699,0
54.7044,8
54.7044,5
54.7045,0
54.7099,10
54.71,0
54.7209,5
54.721,0
54.7264,12
54.7265,4
54.7265,0
54.7319,7
54.732,0
54.7375,3
54.7375,0
54.7429,3
54.7433,0
54.7487,10
54.7487,9
54.7488,0
54.7542,7
54.7543,0
54.7597,12
54.7599,0
54.7653,10
54.7654,7
54.7654,0
54.7708,14
54.771,4
54.771,0
54.7764,14
54.7766,0
54.782,9
54.7821,0
54.7875,6
54.7876,1
54.7876,0
54.793,12
54.7932,0
54.7986,7
54.7986,6
54.7987,0
54.8041,11
54.8043,0
54.8097,5
54.8098,0
54.8152,5
54.8152,0
54.8207,10
54.8207,9
54.8208,0
54.8262,3
54.8263,0
54.8317,15
54.8317,13
54.8318,3
54.8327,0
54.8381,6
54.8382,0
54.8436,6
54.844,0
54.8549,6
54.8549,4
54.8549,0
54.8604,13
54.8605,0
54.8659,6
54.866,0
54.8714,12
54.8715,4
54.8716,0
54.877,1
54.877,0
54.8824,7
54.8826,0
54.888,12
54.8881,0
54.8935,5
54.8936,1
54.8936,0
54.899,12
54.8992,0
54.9046,8
54.9046,7
54.9047,0
54.9101,12
54.9102,2
54.9103,0
54.9157,1
54.9157,0
54.9211,7
54.9212,0
54.9266,9
54.9267,8
54.9268,0
54.9322,10
54.9323,1
54.9323,0
54.9377,14
54.9379,0
54.9433,5
54.9434,0
54.9488,8
54.9491,7
54.9492,0
54.9546,3
54.9547,0
54.9601,12
54.9601,8
54.9602,0
54.9656,14
54.9657,5
54.9658,0
54.9712,8
54.9713,0
54.9767,15
54.9768,14
54.9769,0
54.9878,5
54.9878,0
54.9933,9
54.9934,0
55.0151,14
55.0153,3
55.0153,0
55.0207,5
55.0208,0
55.0317,11
55.0317,9
55.0318,0
55.0372,12
55.0373,3
55.0374,0
55.0428,7
55.0429,0
55.054,14
55.0542,3
55.0542,0
55.065,6
55.0651,0
55.0706,3
55.0706,2
55.0706,0
55.076,4
55.0761,0
55.0815,11
55.0816,3
55.0817,0
55.0871,8
55.0872,0
55.0926,11
55.0927,8
55.0927,0
55.0981,7
55.0982,0
55.1037,6
55.1038,0
55.1092,15
55.1093,5
55.1093,0
55.1147,7
55.1149,0
55.1203,4
55.1203,2
55.1203,0
55.1257,11
55.1259,0
55.1313,2
55.1313,1
55.1314,0
55.1422,2
55.1423,0
55.1477,8
55.1478,0
55.1589,10
55.159,7
55.1591,0
55.1645,6
55.1646,0
55.17,13
55.17,12
55.1701,0
55.1756,9
55.1756,3
55.1757,0
55.1811,12
55.1812,0
55.1866,4
55.1867,0
55.1921,3
55.1922,0
55.1976,4
55.1977,0
55.2031,15
55.2033,0
55.2141,11
55.2143,0
55.2197,15
55.2198,11
55.2199,0
55.2253,2
55.2253,0
55.2307,2
55.2308,1
55.2308,0
55.2362,11
55.2363,0
55.2418,3
55.2418,1
55.2418,0
55.2472,9
55.2474,0
55.2528,3
55.2531,0
55.2585,9
55.2586,2
55.2587,0
55.2641,12
55.2642,0
55.2696,15
55.2698,0
55.2752,4
55.2753,1
55.2753,0
55.2807,15
55.2809,0
55.2863,15
55.2865,0
55.2973,4
55.2974,0
55.3083,2
55.3083,0
55.3137,3
55.3138,2
55.3138,0
55.3192,5
55.3193,0
55.3247,7
55.3248,0
55.3302,7
55.3303,0
55.3357,3
55.3358,0
55.3412,12
55.3412,11
55.3414,0
55.3468,14
55.3469,8
55.3469,0
55.3523,5
55.3524,0
55.3578,15
55.3583,3
55.3583,0
55.3637,1
55.3638,0
55.3692,12
55.3693,3
55.3693,0
55.3747,11
55.3749,0
55.3803,9
55.3804,0
55.3858,14
55.3859,5
55.386,0
55.3914,6
55.3915,0
55.3969,3
55.3969,0
55.4024,12
55.4025,0
55.4079,13
55.408,11
55.4081,0
55.4135,11
55.4136,5
55.4136,0
55.419,4
55.4191,0
55.4245,5
55.4246,0
55.43,3
55.4301,0
55.4355,14
55.4356,3
55.4357,0
55.4411,12
55.4412,0
55.4466,2
55.4467,0
55.4521,8
55.4522,0
55.4576,1
55.458,0
55.4634,9
55.4635,0
55.4689,4
55.469,0
55.4744,10
55.4745,0
55.4799,9
55.4801,0
55.4855,4
55.4855,0
55.4909,2
55.491,0
55.4964,9
55.4965,0
55.502,3
55.5021,0
55.5022,6
55.5023,0
55.5077,10
55.5078,7
55.5079,0
55.5133,5
55.5134,0
55.5242,5
55.5243,0
55.5297,9
55.5298,0
55.5352,11
55.5354,0
55.5408,2
55.5409,0
55.5463,13
55.5464,0
55.5518,4
55.5519,1
55.5519,0
55.5573,6
55.5574,0
55.5628,10
55.5632,0
55.5686,3
55.5687,0
55.5741,1
55.5742,0
55.5796,6
55.5797,0
55.5905,11
55.5906,9
55.5907,0
55.5961,3
55.5962,0
55.6016,9
55.6016,8
55.6017,0
55.6071,11
55.6072,1
55.6072,0
55.6126,10
55.6128,0
55.6182,5
55.6182,2
55.6183,0
55.6237,3
55.6238,0
55.6292,12
55.6293,3
55.6293,0
55.6347,7
55.6348,0
55.6402,9
55.6403,5
55.6404,0
55.6458,5
55.6459,0
55.6513,14
55.6513,10
55.6514,0
55.6568,5
55.6569,0
55.6623,7
55.6627,0
55.6681,10
55.6683,0
55.6737,2
55.6737,0
55.6791,1
55.6792,0
55.6846,11
55.6847,0
55.6901,3
55.6902,0
55.7011,9
55.7012,0
55.7066,2
55.7067,1
55.7067,0
55.7121,10
55.7136,4
55.7136,0
55.719,4
55.7191,0
55.7245,10
55.7246,4
55.7246,0
55.7301,13
55.7302,0
55.7356,6
55.7357,0
55.7523,5
55.7524,0
55.7578,6
55.7579,3
55.7579,0
55.7633,12
55.7637,8
55.7637,0
55.7692,11
55.7693,2
55.7693,0
55.7747,2
55.7748,0
55.7802,6
55.7803,0
55.7857,8
55.7857,7
55.7858,0
55.7912,5
55.7913,0
55.7967,11
55.7967,9
55.7968,0
55.8022,10
55.8024,2
55.8024,0
55.8078,9
55.8079,0
55.8133,4
55.8134,1
55.8134,0
55.8188,5
55.8203,0
55.8257,10
55.8258,0
55.8312,7
55.8313,6
55.8315,1
55.8315,0
55.8369,4
55.837,0
55.8424,1
55.8425,0
55.8479,15
55.848,10
55.848,8
55.8535,6
55.8535,0
55.8589,2
55.859,0
55.8644,11
55.8644,10
55.8646,7
55.8701,2
55.8704,0
55.8758,2
55.8759,0
55.8813,13
55.8814,1
55.8814,0
55.8868,7
55.8869,0
55.9033,8
55.9034,0
55.9088,2
55.9088,0
55.9142,6
55.9143,3
55.9143,0
55.92,1
55.9201,0
55.9255,13
55.9256,4
55.9258,1
55.9313,0
55.9367,3
55.9367,2
55.9368,0
55.9422,14
55.9423,0
55.9477,13
55.9479,0
55.9535,1
55.9535,0
55.9644,8
55.9645,0
55.9699,14
55.9703,4
55.9758,1
55.9758,0
55.9812,1
55.9813,0
55.9867,14
55.9868,2
55.9869,0
55.9923,11
55.9924,0
55.9978,13
55.9979,12
55.998,0
56.0034,1
56.0034,0
56.0088,4
56.0089,3
56.0089,0
56.0144,4
56.0145,0
56.0255,15
56.0257,0
56.0366,10
56.0367,0
56.0421,13
56.0422,10
56.0423,0
56.0477,9
56.0478,1
56.0478,0
56.0532,7
56.0533,0
56.0587,15
56.0588,9
56.0589,0
56.0643,12
56.0644,4
56.0644,0
56.0699,12
56.07,0
56.0754,10
56.0758,2
56.0758,0
56.0812,10
56.0814,0
56.0868,2
56.0868,0
56.0977,3
56.0978,0
56.1032,8
56.1033,0
56.1087,6
56.1088,0
56.1142,8
56.1143,0
56.1198,4
56.1199,0
56.12,2
56.1201,0
56.1255,6
56.1255,4
56.1256,0
56.131,9
56.1311,0
56.1365,5
56.1366,4
56.1366,0
56.142,1
56.1421,0
56.1475,6
56.1476,0
56.153,5
56.1531,0
56.1585,2
56.1585,0
56.1639,10
56.164,4
56.1641,0
56.1695,4
56.1696,0
56.175,3
56.1753,0
56.1807,12
56.1809,2
56.1809,0
56.1863,15
56.1865,0
56.1919,8
56.192,0
56.1974,12
56.1975,6
56.1975,0
56.203,8
56.2031,0
56.2085,14
56.2086,0
56.2141,10
56.2141,6
56.2142,0
56.2196,14
56.2197,3
56.2198,0
56.2252,11
56.2253,0
56.2307,12
56.2309,0
56.2363,4
56.2364,0
56.2418,10
56.2419,0
56.2473,1
56.2474,0
56.2528,15
56.2528,14
56.2529,0
56.2584,5
56.2584,2
56.2584,0
56.2638,3
56.2639,0
56.2693,1
56.2694,0
56.2748,2
56.2748,0
56.2803,4
56.2806,0
56.286,1
56.2861,0
56.2915,12
56.2916,0
56.297,12
56.2971,9
56.2972,0
56.3026,1
56.3027,0
56.3081,2
56.3081,0
56.3135,3
56.3136,0
56.319,6
56.3191,0
56.3245,9
56.3246,5
56.3246,0
56.33,11
56.3302,0
56.3356,6
56.3357,0
56.3411,4
56.3412,0
56.3466,8
56.3466,6
56.3467,0
56.3521,6
56.3522,0
56.3576,8
56.3577,6
56.3577,0
56.3631,13
56.3633,2
56.3633,0
56.3687,15
56.3689,0
56.3743,7
56.3744,0
56.3798,6
56.3802,0
56.3856,8
56.3857,0
56.3911,7
56.3912,0
56.3966,12
56.3967,5
56.3968,0
56.4022,12
56.4023,0
56.4132,4
56.4133,0
56.4187,13
56.4188,6
56.4188,0
56.4243,12
56.4244,0
56.4298,4
56.4299,0
56.4353,8
56.4354,0
56.4408,15
56.441,0
56.4464,1
56.4465,0
56.4519,11
56.452,0
56.4574,5
56.4575,2
56.4575,0
56.4629,14
56.4631,0
56.4685,15
56.4687,0
56.4741,11
56.4742,0
56.4908,13
56.4909,3
56.491,0
56.4964,7
56.4965,0
56.5019,5
56.502,1
56.502,0
56.5074,10
56.5075,0
56.5129,5
56.513,2
56.513,0
56.5184,3
56.5185,0
56.5239,4
56.524,0
56.5348,12
56.535,0
56.5404,5
56.5405,2
56.5405,0
56.5513,3
56.5514,0
56.5568,8
56.5569,2
56.5569,0
56.5623,10
56.5625,0
56.5679,2
56.5679,0
56.5788,2
56.5789,0
56.5843,8
56.5847,0
56.5901,15
56.5902,8
56.5903,0
56.5957,15
56.5958,5
56.5958,0
56.6013,12
56.6014,0
56.6068,10
56.6069,0
56.6124,2
56.6124,0
56.6178,7
56.6179,0
56.6288,6
56.6289,0
56.6343,9
56.6344,0
56.6398,14
56.6399,9
56.64,0
56.6454,7
56.6455,0
56.6509,2
56.651,0
56.6564,7
56.6565,0
56.6619,3
56.662,1
56.662,0
56.6674,15
56.6676,0
56.673,9
56.6731,0
56.6839,12
56.684,9
56.6841,0
56.6895,9
56.6899,0
56.6953,1
56.6954,0
56.7008,11
56.7008,9
56.7009,0
56.7063,13
56.7064,4
56.7065,0
56.7119,8
56.712,0
56.7174,12
56.7175,10
56.7176,0
56.723,12
56.7231,5
56.7231,0
56.7285,1
56.7286,0
56.734,3
56.7341,0
56.7395,5
56.7395,3
56.7396,0
56.745,11
56.7451,0
56.7505,7
56.7506,0
56.756,1
56.7561,0
56.7615,7
56.7616,1
56.7616,0
56.767,8
56.7671,0
56.7725,4
56.7726,0
56.778,5
56.7781,0
56.7835,6
56.7836,0
56.789,3
56.7894,0
56.7948,5
56.7949,1
56.7949,0
56.8057,5
56.8058,0
56.8112,8
56.8113,3
56.8113,0
56.8167,10
56.8169,0
56.8223,12
56.8223,11
56.8224,0
56.8278,9
56.8279,3
56.828,0
56.8334,4
56.8335,0
56.8389,2
56.8389,0
56.8443,13
56.8444,12
56.8445,0
56.8499,6
56.85,0
56.8554,6
56.8555,0
56.8609,5
56.861,0
56.8664,7
56.8665,0
56.8719,12
56.872,2
56.8721,0
56.8829,6
56.883,0
56.8884,4
56.8885,2
56.8885,0
56.8939,13
56.8943,8
56.8944,0
56.8998,6
56.8999,0
56.9053,7
56.9054,0
56.9108,12
56.9109,1
56.9109,0
56.9164,4
56.9164,0
56.9218,4
56.9219,0
56.9273,4
56.9274,3
56.9274,0
56.9328,3
56.9329,0
56.9383,12
56.9384,4
56.9384,0
56.9438,8
56.944,0
56.9494,5
56.9494,3
56.9495,0
56.9549,15
56.955,1
56.955,0
56.9605,14
56.9606,0
56.966,11
56.9662,0
56.9716,15
56.9717,9
56.9718,0
56.9772,5
56.9773,0
56.9881,2
56.9882,0
56.9936,14
56.9939,13
56.994,0
56.9994,5
56.9995,0
57.0049,8
57.0051,0
57.0105,13
57.0105,7
57.0106,0
57.016,1
57.0161,0
57.0215,1
57.0215,0
57.0269,1
57.027,0
57.0324,14
57.0326,0
57.038,5
57.0381,0
57.0435,8
57.0436,0
57.049,8
57.0491,7
57.0491,0
57.0545,12
57.0547,2
57.0547,0
57.0655,2
57.0656,0
57.0765,13
57.0765,9
57.0766,0
57.082,10
57.0821,2
57.0822,0
57.0876,14
57.0877,0
57.0931,4
57.0932,0
57.0986,14
57.099,13
57.0991,0
57.1045,8
57.1046,4
57.1046,0
57.1101,9
57.1102,2
57.1102,0
57.1103,7
57.1104,0
57.1158,11
57.116,2
57.116,0
57.1214,11
57.1215,0
57.1269,13
57.127,12
57.1271,0
57.1325,11
57.1326,6
57.1327,0
57.1435,6
57.1436,0
57.149,12
57.1492,0
57.1546,9
57.1547,5
57.1547,0
57.1601,9
57.1602,0
57.1656,3
57.1657,0
57.1711,4
57.1712,0
57.1821,9
57.1821,5
57.1822,0
57.1876,2
57.1877,0
57.1931,13
57.1932,6
57.1932,0
57.1986,1
57.199,0
57.2044,1
57.2044,0
57.2098,14
57.21,2
57.21,0
57.2154,14
57.2156,0
57.221,1
57.221,0
57.2264,13
57.2266,0
57.232,10
57.2321,0
57.2376,12
57.2376,6
57.2377,0
57.2431,13
57.2433,2
57.2433,0
57.2487,8
57.2488,0
57.2542,5
57.2543,1
57.2543,0
57.2597,7
57.2598,0
57.2652,14
57.2653,8
57.2654,0
57.2708,2
57.2709,0
57.2763,5
57.2763,1
57.2763,0
57.2818,8
57.2819,0
57.2873,8
57.2874,3
57.2874,0
57.2928,3
57.2929,0
57.2983,8
57.2984,0
57.3038,9
57.3042,2
57.3042,0
57.3096,12
57.3098,0
57.3152,6
57.3153,0
57.3207,3
57.3208,0
57.3262,15
57.3262,10
57.3263,0
57.3317,1
57.3318,0
57.3372,11
57.3373,8
57.3373,0
57.3428,1
57.3428,0
57.3482,1
57.3483,0
57.3591,4
57.3592,0
57.3646,13
57.3647,3
57.3648,0
57.3702,8
57.3703,0
57.3812,13
57.3813,0
57.3867,6
57.3868,2
57.3868,0
57.3922,15
57.3924,0
57.3978,12
57.398,0
57.4034,12
57.4038,0
57.4092,1
57.4093,0
57.4147,5
57.4148,0
57.4202,12
57.4203,6
57.4203,0
57.4257,9
57.4259,0
57.4313,6
57.4314,0
57.4368,9
57.4369,0
57.4423,7
57.4424,0
57.4478,14
57.4479,6
57.448,0
57.4534,15
57.4535,4
57.4536,0
57.459,8
57.4591,0
57.4645,2
57.4646,0
57.47,11
57.4701,0
57.4755,14
57.4756,11
57.4757,0
57.4811,15
57.4812,9
57.4813,0
57.4867,11
57.4868,2
57.4868,0
57.4922,4
57.4923,0
57.4977,6
57.4978,0
57.5032,15
57.5034,0
57.5088,11
57.5092,0
57.5147,4
57.5148,0
57.5149,10
57.515,3
57.5151,0
57.5205,15
57.5206,0
57.5315,13
57.5317,0
57.5371,1
57.5371,0
57.5425,12
57.5427,0
57.5481,8
57.5482,0
57.5536,7
57.5537,0
57.5591,12
57.5593,0
57.5647,9
57.5647,6
57.5648,0
57.5702,7
57.5703,0
57.5757,7
57.5758,0
57.5812,10
57.5814,0
57.5868,13
57.5869,0
57.5923,10
57.5924,8
57.5925,0
57.5979,1
57.5979,0
57.6033,13
57.6034,8
57.6035,0
57.6089,5
57.6093,0
57.6147,5
57.6148,0
57.6202,6
57.6203,3
57.6203,0
57.6257,13
57.6259,0
57.6313,3
57.6313,0
57.6367,15
57.6369,3
57.6369,0
57.6423,15
57.6425,1
57.6425,0
57.6479,2
57.648,0
57.6534,10
57.6535,0
57.6589,2
57.659,0
57.6644,6
57.6645,0
57.6699,9
57.67,5
57.67,0
57.6754,1
57.6755,0
57.6809,13
57.681,5
57.681,0
57.6865,11
57.6866,0
57.692,3
57.6921,0
57.6975,2
57.6975,0
57.7084,8
57.7085,5
57.7085,0
57.7139,8
57.7143,6
57.7143,0
57.7197,14
57.7199,2
57.7199,0
57.7253,12
57.7255,0
57.7309,1
57.7309,0
57.7363,5
57.7364,0
57.7418,1
57.7419,0
57.7473,3
57.7474,0
57.7528,11
57.7529,0
57.7583,11
57.7584,8
57.7585,0
57.7639,14
57.764,4
57.764,0
57.7694,15
57.7696,2
57.7696,0
57.775,14
57.7752,0
57.7806,15
57.7808,0
57.7862,10
57.7863,0
57.7917,12
57.7918,4
57.7919,0
57.7973,11
57.7974,0
57.8028,11
57.803,0
57.8084,13
57.8085,8
57.8085,0
57.814,14
57.8144,0
57.8198,9
57.8213,0
57.8268,1
57.8268,0
57.8322,13
57.8324,0
57.8378,10
57.8379,0
57.8433,14
57.8434,7
57.8435,0
57.8489,9
57.849,0
57.8544,5
57.8545,0
57.8599,8
57.86,0
57.8654,7
57.8656,0
57.871,6
57.8711,0
57.8765,15
57.8766,0
57.8821,2
57.8824,0
57.8878,13
57.8879,6
57.888,0
57.8934,6
57.8935,0
57.8989,11
57.8989,9
57.899,0
57.9044,13
57.9045,4
57.9046,0
57.91,13
57.9102,0
57.9156,7
57.9159,0
57.9214,8
57.9215,0
57.9269,11
57.927,5
57.927,0
57.9324,10
57.9326,0
57.938,14
57.9381,0
57.9435,13
57.9436,11
57.9437,0
57.9491,5
57.9492,0
57.9546,14
57.9548,0
57.9602,5
57.9602,3
57.9603,0
57.9657,12
57.9658,0
57.9712,13
57.9714,0
57.9768,6
57.9769,3
57.9769,0
57.9823,7
57.9824,0
57.9878,10
57.9879,6
57.988,0
57.9934,1
57.9934,0
57.9988,10
57.9989,3
57.999,0
58.0044,3
58.0044,0
58.0099,13
58.01,5
58.01,0
58.0154,9
58.0155,0
58.021,8
58.0213,0
58.0268,6
58.0269,0
58.0323,4
58.0323,0
58.0377,13
58.0378,10
58.0379,0
58.0433,7
58.0434,0
58.0488,10
58.049,0
58.0544,1
58.0544,0
58.0598,10
58.06,0
58.0654,14
58.0655,7
58.0655,0
58.0709,9
58.0711,0
58.0765,9
58.0766,0
58.082,7
58.0821,1
58.0821,0
58.0875,12
58.0877,0
58.0931,13
58.0931,12
58.0932,0
58.0987,12
58.0987,6
58.0988,0
58.1042,2
58.1043,0
58.1097,5
58.1098,0
58.1152,8
58.1153,0
58.1207,15
58.1212,0
58.1266,8
58.1267,0
58.1321,14
58.1322,6
58.1323,0
58.1431,6
58.1432,0
58.1486,6
58.1487,0
58.1541,3
58.1542,0
58.1596,5
58.1597,1
58.1597,0
58.1651,1
58.1652,0
58.1706,10
58.1707,0
58.1761,14
58.1763,0
58.1817,15
58.1817,14
58.1819,0
58.1873,5
58.1873,1
58.1874,0
58.1928,11
58.1929,0
58.1983,12
58.1984,10
58.1985,0
58.2039,4
58.204,0
58.2094,11
58.2095,0
58.2149,6
58.215,0
58.2204,1
58.2205,0
58.2259,4
58.2262,1
58.2262,0
58.2371,1
58.2371,0
58.2426,7
58.2427,0
58.2481,14
58.2482,0
58.2536,4
58.2537,3
58.2537,0
58.2591,8
58.2592,0
58.2647,9
58.2647,6
58.2648,0
58.2702,4
58.2703,0
58.2757,10
58.2757,6
58.2758,0
58.2812,11
58.2814,0
58.2868,2
58.2868,0
58.2922,6
58.2923,0
58.2977,5
58.2978,2
58.2978,0
58.3087,5
58.3088,0
58.3142,11
58.3143,7
58.3143,0
58.3197,5
58.3198,0
58.3252,15
58.3257,3
58.3257,0
58.3311,12
58.3312,0
58.3367,4
58.3367,0
58.3421,15
58.3423,3
58.3423,0
58.3477,11
58.3479,0
58.3587,4
58.3588,0
58.3642,14
58.3643,4
58.3644,0
58.3698,3
58.3699,0
58.3753,9
58.3754,2
58.3754,0
58.3863,1
58.3863,0
58.3917,11
58.3918,3
58.3919,0
58.3973,7
58.3974,0
58.4028,15
58.4028,11
58.403,0
58.4084,6
58.4085,0
58.4139,2
58.4139,0
58.4193,5
58.4194,0
58.4248,2
58.4249,0
58.4303,14
58.4307,5
58.4308,0
58.4362,15
58.4363,3
58.4363,0
58.4417,3
58.4418,0
58.4472,10
58.4473,2
58.4474,0
58.4528,2
58.4528,0
58.4582,15
58.4584,5
58.4584,0
58.4638,9
58.4639,0
58.4694,6
58.4695,0
58.4749,10
58.475,0
58.4804,5
58.4805,0
58.4859,6
58.486,0
58.4914,12
58.4914,11
58.4916,0
58.497,2
58.497,0
58.5024,13
58.5025,12
58.5026,0
58.508,2
58.5081,0
58.5135,12
58.5136,0
58.519,14
58.5191,9
58.5192,0
58.5246,2
58.5247,0
58.5301,14
58.5305,1
58.5305,0
58.5359,3
58.536,0
58.5414,1
58.5415,0
58.5469,1
58.5469,0
58.5523,9
58.5524,8
58.5525,0
58.5579,12
58.558,2
58.558,0
58.5634,3
58.5635,0
58.5689,1
58.5689,0
58.5744,14
58.5744,10
58.5745,0
58.5799,12
58.58,4
58.5801,0
58.5855,13
58.5856,0
58.5911,12
58.5912,0
58.5966,10
58.5967,8
58.5968,0
58.6022,1
58.6022,0
58.6076,15
58.6077,10
58.6078,0
58.6241,10
58.6242,9
58.6242,0
58.6296,15
58.6298,7
58.6298,0
58.6352,10
58.6356,0
58.6411,5
58.6411,0
58.6466,6
58.6466,0
58.6521,6
58.6522,0
58.6576,12
58.6576,11
58.6577,0
58.6631,12
58.6632,6
58.6633,0
58.6687,12
58.6688,0
58.6742,3
58.6743,0
58.6797,10
58.6799,0
58.6853,3
58.6853,0
58.6907,14
58.6909,2
58.6909,0
58.6963,15
58.6965,0
58.7019,11
58.702,0
58.7074,7
58.7075,4
58.7076,0
58.713,2
58.713,0
58.7184,6
58.7185,0
58.7239,11
58.7241,0
58.7295,4
58.7296,0
58.735,14
58.7354,6
58.7354,0
58.7408,7
58.7409,0
58.7463,9
58.7464,8
58.7465,0
58.7519,14
58.752,5
58.752,0
58.7575,13
58.7576,1
58.7576,0
58.763,14
58.7632,0
58.7686,9
58.7687,0
58.7741,14
58.7742,6
58.7743,0
58.7797,9
58.7798,0
58.7852,15
58.7854,0
58.7908,2
58.7909,1
58.7909,0
58.7963,12
58.7964,0
58.8019,8
58.8019,7
58.802,0
58.8074,13
58.8075,3
58.8075,0
58.8129,2
58.813,0
58.8184,5
58.8185,0
58.8239,5
58.824,4
58.824,0
58.8349,11
58.835,1
58.835,0
58.8404,8
58.8408,2
58.8408,0
58.8462,1
58.8463,0
58.8571,9
58.8572,2
58.8572,0
58.8627,7
58.8628,0
58.8682,4
58.8682,0
58.8737,10
58.8738,0
58.874,6
58.8741,3
58.8741,0
58.8795,13
58.8797,0
58.8851,6
58.8852,0
58.896,10
58.8961,4
58.8962,0
58.9016,9
58.9017,0
58.9071,15
58.9071,14
58.9073,0
58.9127,9
58.9127,6
58.9128,0
58.9182,15
58.9183,4
58.9184,0
58.9238,12
58.9239,0
58.9294,7
58.9295,0
58.9349,12
58.935,3
58.935,0
58.9404,1
58.9408,0
58.9462,9
58.9463,0
58.9517,3
58.9518,0
58.9572,14
58.9572,13
58.9573,0
58.9628,7
58.9628,3
58.9629,0
58.9683,15
58.9684,0
58.9739,3
58.9739,0
58.9793,12
58.9795,1
58.9795,0
58.9849,6
58.985,0
58.9904,14
58.9905,7
58.9906,0
58.996,1
58.996,0
59.0014,15
59.0015,9
59.0016,0
59.007,13
59.0071,5
59.0072,0
59.0126,8
59.0127,0
59.0181,6
59.0182,5
59.0182,0
59.0237,12
59.0238,6
59.0238,0
59.024,6
59.0241,0
59.0295,15
59.0296,9
59.0297,0
59.0351,13
59.0352,5
59.0352,0
59.0406,14
59.041,12
59.0411,0
59.0465,13
59.0466,8
59.0466,0
59.0521,2
59.0521,0
59.0575,15
59.0576,11
59.0577,0
59.0631,8
59.0632,1
59.0632,0
59.0686,6
59.0687,0
59.0741,11
59.0742,4
59.0743,0
59.0797,13
59.0798,0
59.0853,15
59.0854,0
59.0908,13
59.091,0
59.1019,3
59.1019,0
59.1073,14
59.1075,0
59.1129,3
59.113,0
59.1184,2
59.1185,0
59.1239,13
59.124,7
59.124,4
59.1254,0
59.1308,1
59.1309,0
59.1363,9
59.1364,0
59.1418,1
59.1419,0
59.1473,15
59.1477,7
59.1478,0
59.1532,8
59.1533,0
59.1587,9
59.1588,0
59.1642,6
59.1643,0
59.1697,12
59.1699,0
59.1753,11
59.1754,7
59.1754,0
59.1808,11
59.181,1
59.181,0
59.1864,12
59.1865,0
59.1919,3
59.192,2
59.192,0
59.1974,1
59.1975,0
59.2029,1
59.2029,0
59.2083,12
59.2084,5
59.2085,0
59.2139,12
59.214,0
59.2195,15
59.2196,0
59.225,4
59.2251,0
59.2305,14
59.2307,2
59.2307,0
59.2361,3
59.2362,0
59.2416,13
59.2417,4
59.2417,0
59.2472,3
59.2475,0
59.2529,2
59.253,0
59.2584,1
59.2584,0
59.2638,7
59.2639,0
59.2694,14
59.2695,0
59.2749,14
59.275,13
59.2751,0
59.2805,7
59.2806,3
59.2806,0
59.286,14
59.2862,0
59.2916,15
59.2918,0
59.2972,1
59.2972,0
59.3081,7
59.3082,0
59.3136,14
59.3137,12
59.3138,0
59.3192,15
59.3193,10
59.3194,0
59.3248,1
59.3248,0
59.3302,7
59.3303,4
59.3303,0
59.3357,7
59.3359,0
59.3413,11
59.3413,8
59.3414,0
59.3468,1
59.3469,0
59.3523,3
59.3526,0
59.358,7
59.3581,0
59.3635,5
59.3636,0
59.369,3
59.3691,0
59.3745,11
59.3746,6
59.3747,0
59.3801,1
59.3801,0
59.3855,7
59.3856,0
59.391,12
59.3912,0
59.3966,13
59.3967,11
59.3968,0
59.4022,2
59.4022,0
59.4076,3
59.4077,2
59.4077,0
59.4131,4
59.4137,0
59.4192,14
59.4195,9
59.4195,0
59.4197,8
59.4198,0
59.42,9
59.4201,0
59.4203,7
59.4204,0
59.4205,14
59.4207,0
59.4209,13
59.421,9
59.421,0
59.4212,9
59.4213,0
59.4215,9
59.4216,0
59.4218,2
59.4218,0
59.4224,15
59.4226,0
59.423,2
59.423,1
59.423,0
59.4232,11
59.4233,0
59.4235,15
59.4236,10
59.4237,0
59.424,5
59.4241,0
59.4243,14
59.4245,0
59.4248,6
59.4249,5
59.4249,0
59.4251,8
59.4252,0
59.4306,13
59.4307,8
59.4308,0
59.4362,12
59.4363,3
59.4363,0
59.4417,4
59.4418,0
59.4472,14
59.4473,7
59.4474,0
59.4528,3
59.4531,0
59.4585,6
59.4586,0
59.464,11
59.4641,6
59.4642,0
59.4696,13
59.4697,2
59.4698,0
59.4806,7
59.4807,0
59.4861,9
59.4862,7
59.4863,0
59.4917,15
59.4918,5
59.4918,0
59.4972,2
59.4973,0
59.5027,4
59.5028,0
59.5082,10
59.5083,0
59.5137,7
59.5138,0
59.5193,1
59.5193,0
59.5247,5
59.5248,0
59.5302,13
59.5303,8
59.5304,0
59.5358,10
59.5359,1
59.5359,0
59.5413,2
59.5414,0
59.5468,9
59.5469,0
59.5523,14
59.5527,5
59.5528,0
59.5582,9
59.5583,0
59.5637,15
59.5639,0
59.5693,14
59.5694,12
59.5695,0
59.5749,11
59.575,5
59.575,0
59.5804,7
59.5805,0
59.5859,9
59.586,7
59.5861,0
59.5915,7
59.5916,0
59.597,11
59.5971,0
59.608,2
59.608,0
59.6135,12
59.6136,0
59.619,3
59.6191,0
59.6245,10
59.6246,0
59.63,9
59.6301,5
59.6302,0
59.6356,4
59.6356,0
59.6411,11
59.6411,6
59.6412,0
59.6467,5
59.6467,1
59.6468,0
59.6469,14
59.6471,0
59.6525,2
59.6525,0
59.6579,12
59.6583,4
59.6584,0
59.6638,6
59.6639,0
59.6693,8
59.6694,4
59.6694,0
59.6748,7
59.6749,0
59.6803,5
59.6804,2
59.6804,0
59.6858,6
59.6859,0
59.6913,7
59.6914,1
59.6914,0
59.6968,2
59.6969,0
59.7023,3
59.7024,0
59.7078,12
59.7079,7
59.7079,0
59.7133,15
59.7135,5
59.7135,0
59.7189,6
59.719,0
59.7244,11
59.7245,8
59.7246,0
59.73,1
59.73,0
59.7354,14
59.7355,9
59.7356,0
59.741,13
59.7411,5
59.7412,0
59.7466,1
59.7466,0
59.752,15
59.7522,7
59.7522,0
59.7576,6
59.758,0
59.7634,12
59.7636,0
59.769,10
59.7691,0
59.7745,13
59.7746,10
59.7747,0
59.7801,15
59.7802,7
59.7803,0
59.7857,6
59.7858,0
59.7912,10
59.7912,9
59.7913,0
59.7967,9
59.7968,1
59.7968,0
59.8023,15
59.8024,0
59.8078,4
59.8079,0
59.8133,3
59.8134,0
59.8188,12
59.8189,7
59.819,0
59.8244,7
59.8245,0
59.8299,4
59.83,0
59.8354,6
59.8355,0
59.8409,4
59.8409,0
59.8518,6
59.8519,0
59.8573,3
59.8574,0
59.8628,15
59.8632,6
59.8632,0
59.8687,6
59.8688,0
59.8742,9
59.8742,7
59.8743,0
59.8797,6
59.8798,0
59.8852,2
59.8853,0
59.8907,15
59.8908,0
59.8963,8
59.8964,0
59.9018,11
59.903,4
59.903,0
59.9084,10
59.9086,0
59.9141,9
59.9142,0
59.9143,5
59.9144,3
59.9144,0
59.9146,1
59.9146,0
59.9148,12
59.9149,0
59.9203,10
59.9205,0
59.9259,11
59.926,4
59.926,0
59.9315,9
59.9318,7
59.9318,0
59.932,12
59.9322,0
59.9327,10
59.9329,0
59.933,14
59.9331,12
59.9332,0
59.9334,14
59.9335,8
59.9335,0
59.9337,8
59.9338,0
59.9342,5
59.9343,0
59.9344,5
59.9345,0
59.9347,8
59.9348,3
59.9348,0
59.935,4
59.935,0
59.9352,5
59.9353,0
59.9355,3
59.9355,1
59.9355,0
59.9357,15
59.9359,0
59.936,14
59.9362,0
59.9364,11
59.9365,6
59.9365,0
59.9367,3
59.9367,0
59.9373,5
59.9374,2
59.9374,0
59.9376,10
59.9377,0
59.9432,14
59.9433,0
59.9435,9
59.9436,5
59.9436,0
59.9438,15
59.9439,2
59.944,0
59.9441,7
59.9442,0
59.9444,13
59.9445,5
59.9445,0
59.9447,2
59.9448,0
59.9449,8
59.945,0
59.9452,11
59.9454,0
59.9455,9
59.9456,3
59.9456,0
59.9458,13
59.946,0
59.9461,3
59.9462,2
59.9462,0
59.9464,4
59.9464,0
59.9466,2
59.9467,0
59.9468,13
59.9469,7
59.947,0
59.9472,6
59.9473,0
59.9474,10
59.9475,7
59.9475,0
59.9477,5
59.9478,0
59.948,15
59.948,10
59.9481,0
59.9485,3
59.9486,0
59.9487,7
59.9488,6
59.9489,0
59.949,13
59.9492,1
59.9492,0
59.9493,9
59.9495,0
59.9496,3
59.9497,0
59.9499,5
59.9499,3
59.9499,0
59.9501,12
59.9503,0
59.9504,5
59.9505,4
59.9505,0
59.9507,10
59.9508,0
59.951,12
59.951,10
59.9511,0
59.9513,8
59.9514,0
59.9516,8
59.9517,0
59.9518,6
59.9519,0
59.9521,14
59.9522,13
59.9523,0
59.9524,8
59.9525,2
59.9526,0
59.9527,13
59.9529,0
59.953,9
59.9531,8
59.9532,0
59.9533,13
59.9535,2
59.9535,0
59.9537,3
59.9537,0
59.9539,12
59.954,1
59.954,0
59.9542,9
59.9543,0
59.9545,13
59.9546,7
59.9546,0
59.9548,9
59.9549,0
59.9551,3
59.9551,2
59.9552,0
59.9553,6
59.9554,0
59.9556,15
59.9557,7
59.9558,0
59.9559,3
59.956,0
59.9562,4
59.9562,0
59.9564,8
59.9565,0
59.9567,9
59.9568,0
59.957,7
59.9571,0
59.9572,7
59.9574,0
59.9575,7
59.9576,5
59.9576,0
59.9578,15
59.9579,1
59.958,0
59.9581,10
59.9583,0
59.9584,2
59.9585,0
59.9587,5
59.9587,4
59.9587,0
59.9589,9
59.959,0
59.9592,10
59.9593,7
59.9593,0
59.9595,9
59.9596,0
59.9598,5
59.9598,4
59.9599,0
59.96,12
59.9602,0
59.9603,11
59.9605,0
59.9606,1
59.9607,0
59.9609,6
59.9609,2
59.961,0
59.9611,4
59.9612,0
59.9614,12
59.9615,1
59.9615,0
59.9617,11
59.9621,4
59.9621,0
59.9623,6
59.9624,0
59.9625,5
59.9626,0
59.9628,1
59.9628,0
59.963,14
59.9632,0
59.9633,15
59.9635,0
59.9637,2
59.9637,0
59.9639,4
59.964,0
59.9641,3
59.9642,0
59.9644,9
59.9645,0
59.9647,14
59.9648,0
59.965,7
59.9651,5
59.9651,0
59.9657,3
59.9657,0
59.9659,15
59.966,11
59.9661,0
59.9662,5
59.9663,0
59.9665,2
59.9665,1
59.9666,0
59.9667,9
59.9668,0
59.967,15
59.9671,9
59.9672,0
59.9674,12
59.9675,2
59.9675,0
59.9677,8
59.9678,0
59.9679,15
59.968,9
59.9681,0
59.9683,1
59.9683,0
59.9685,12
59.9686,5
59.9687,0
59.9688,15
59.969,2
59.969,0
59.9692,7
59.9693,0
59.9694,15
59.9695,8
59.9696,0
59.9698,14
59.9699,3
59.9699,0
59.9701,5
59.9702,0
59.9704,14
59.9705,6
59.9705,0
59.9707,13
59.9708,0
59.971,14
59.9712,0
59.9713,12
59.9714,10
59.9715,0
59.9717,1
59.9717,0
59.9719,13
59.972,7
59.972,0
59.9722,6
59.9723,0
59.9725,15
59.9725,12
59.9726,0
59.9728,3
59.9729,0
59.973,2
59.9731,0
59.9733,1
59.9733,0
59.9735,5
59.9736,0
59.9737,9
59.9738,1
59.9739,0
59.974,12
59.9742,0
59.9743,4
59.9744,1
59.9744,0
59.9746,15
59.9748,0
59.9749,12
59.9751,0
59.9752,1
59.9753,0
59.9754,15
59.9755,11
59.9756,0
59.9758,9
59.9759,2
59.9759,0
59.9761,9
59.9762,0
59.9763,1
59.9764,0
59.9818,7
59.9819,3
59.9819,0
59.9873,15
59.9875,1
59.9875,0
59.9929,11
59.9944,5
59.9944,0
